No.,rigName,dimension,translateX,translateX_value,translateY,translateY_value,translateZ,translateZ_value,rotate_00,rotate_00_value,rotate_01,rotate_01_value,rotate_02,rotate_02_value,rotate_10,rotate_10_value,rotate_11,rotate_11_value,rotate_12,rotate_12_value,rotate_20,rotate_20_value,rotate_21,rotate_21_value,rotate_22,rotate_22_value
0,godNode_C_master_ctrl,12,translateX,27.55375,translateY,20.63635,translateZ,-6.35427,rotate_00,0.8247740148134031,rotate_01,-0.5610149219623906,rotate_02,-0.07078193148052153,rotate_10,-0.026940318015927164,rotate_11,0.0860475205490112,rotate_12,-0.9959267259555634,rotate_20,0.5648203641457885,rotate_21,0.8233213719702048,rotate_22,0.05585583857859944
0,godNode_C_master_ctrl,12,translateX,-29.25086,translateY,27.7947,translateZ,21.10197,rotate_00,0.9496727157613256,rotate_01,-0.311928339395398,rotate_02,0.028678284825594376,rotate_10,0.03716958634196022,rotate_11,0.021309353196372838,rotate_12,-0.999081745062695,rotate_20,0.31103079395724803,rotate_21,0.9498666340852182,rotate_22,0.03183115866477815
0,godNode_C_master_ctrl,12,translateX,36.48274,translateY,35.8262,translateZ,-35.47589,rotate_00,-0.04505279436158305,rotate_01,-0.5097499437209811,rotate_02,-0.859142153893446,rotate_10,0.8193568283148783,rotate_11,-0.510863045363449,rotate_12,0.2601409940316316,rotate_20,-0.571510834205263,rotate_21,-0.6922239115766221,rotate_22,0.4406829048506023
0,godNode_C_master_ctrl,12,translateX,-20.96283,translateY,3.53834,translateZ,-10.40359,rotate_00,-0.6450743565531372,rotate_01,-0.28169721872145437,rotate_02,-0.710299761707797,rotate_10,-0.07759288704188493,rotate_11,-0.9006123799136794,rotate_12,0.42764083648164775,rotate_20,-0.7601699930923749,rotate_21,0.3309743466053153,rotate_22,0.5591042510043394
0,godNode_C_master_ctrl,12,translateX,-21.11615,translateY,-31.74672,translateZ,-8.31534,rotate_00,-0.744720032521633,rotate_01,0.5297778397741014,rotate_02,0.4058663741248649,rotate_10,-0.052404845650161874,rotate_11,-0.6526948882853332,rotate_12,0.7558062681392497,rotate_20,0.6653163197407388,rotate_21,0.5415947038981115,rotate_22,0.5138378843527946
0,godNode_C_master_ctrl,12,translateX,9.83214,translateY,19.34296,translateZ,23.61549,rotate_00,-0.05602146558276976,rotate_01,0.029740752662301428,rotate_02,-0.9979865144504901,rotate_10,0.12674327499241306,rotate_11,0.9916817380555697,rotate_12,0.02243819625731808,rotate_20,0.9903523300513591,rotate_21,-0.12523105860034947,rotate_22,-0.05932490475070095
0,godNode_C_master_ctrl,12,translateX,23.46721,translateY,25.75632,translateZ,-1.19723,rotate_00,-0.520788825129463,rotate_01,-0.853680820888989,rotate_02,0.002838250618912686,rotate_10,-0.060806331787109605,rotate_11,0.04041081068193142,rotate_12,0.9973312169959512,rotate_20,-0.8515172280317467,rotate_21,0.5192263691554303,rotate_22,-0.07295469785284037
0,godNode_C_master_ctrl,12,translateX,-14.09338,translateY,-27.93207,translateZ,12.07476,rotate_00,0.64773467376654,rotate_01,-0.7283309743715697,rotate_02,-0.22354816968947436,rotate_10,-0.7364787713104318,rotate_11,-0.5234742151064482,rotate_12,-0.4284550916114367,rotate_20,0.19503541168113706,rotate_21,0.44216370033014696,rotate_22,-0.8754727010596741
0,godNode_C_master_ctrl,12,translateX,-21.86353,translateY,36.9836,translateZ,-29.89353,rotate_00,0.01382960477521411,rotate_01,0.8600376667282184,rotate_02,0.5100430901800783,rotate_10,0.28793168610913233,rotate_11,0.4850604336010407,rotate_12,-0.8257189109431384,rotate_20,-0.9575510880188658,rotate_21,0.15827693313762603,rotate_22,-0.2409239014096234
0,godNode_C_master_ctrl,12,translateX,-2.95941,translateY,-10.13505,translateZ,-28.91685,rotate_00,-0.9990300594193029,rotate_01,-0.01746516916353883,rotate_02,0.040421630876969386,rotate_10,-0.018364856512116258,rotate_11,-0.669064316537901,rotate_12,-0.7429775719232454,rotate_20,0.040020899814401635,rotate_21,-0.7429992652767302,rotate_22,0.6680946185805456
0,godNode_C_master_ctrl,12,translateX,5.71221,translateY,-5.68888,translateZ,6.2473,rotate_00,0.17282890153007535,rotate_01,-0.3467625419569448,rotate_02,-0.9218925698211617,rotate_10,0.6394445706794207,rotate_11,-0.6724075105685199,rotate_12,0.37279857934232696,rotate_20,-0.7491600708957457,rotate_21,-0.6539295674815476,rotate_22,0.10552397333723317
0,godNode_C_master_ctrl,12,translateX,-3.80964,translateY,4.78179,translateZ,33.93685,rotate_00,0.8519829484431158,rotate_01,0.5212481782064564,rotate_02,-0.04924827183389591,rotate_10,-0.5187701995350362,rotate_11,0.827723541405473,rotate_12,-0.21389534608672792,rotate_20,-0.07072860550409468,rotate_21,0.207783723423257,rotate_22,0.9756143647178498
0,godNode_C_master_ctrl,12,translateX,-2.03435,translateY,12.5978,translateZ,13.31284,rotate_00,-0.7043720881360119,rotate_01,0.7065484658469222,rotate_02,0.0681852393430984,rotate_10,-0.4048574038525089,rotate_11,-0.47878817942576346,rotate_12,0.779007292512702,rotate_20,0.5830526940172058,rotate_21,0.5211056943188438,rotate_22,0.6232964072957219
0,godNode_C_master_ctrl,12,translateX,-19.27932,translateY,14.82064,translateZ,14.72655,rotate_00,0.047883256984342815,rotate_01,0.39003973897475963,rotate_02,0.919552171288325,rotate_10,-0.4891286417907811,rotate_11,0.8118311041547643,rotate_12,-0.31887839391649264,rotate_20,-0.8708963000727914,rotate_21,-0.4345103685153641,rotate_22,0.2296527251572803
0,godNode_C_master_ctrl,12,translateX,-31.45372,translateY,16.20684,translateZ,12.16336,rotate_00,0.0047992665187117645,rotate_01,-0.13219490543879678,rotate_02,0.9912121236228448,rotate_10,-0.9431409562207462,rotate_11,0.3288468813266381,rotate_12,0.04842380964732575,rotate_20,-0.3323583965238411,rotate_21,-0.9350851488595956,rotate_22,-0.12310020569572425
0,godNode_C_master_ctrl,12,translateX,37.21937,translateY,-39.06762,translateZ,18.87933,rotate_00,0.990719846188468,rotate_01,0.1054758823563122,rotate_02,-0.0857264522154963,rotate_10,0.013561276222873835,rotate_11,0.5508586482172702,rotate_12,0.8344883710822151,rotate_20,0.13524155483986902,rotate_21,-0.8279067507427387,rotate_22,0.544316207657916
0,godNode_C_master_ctrl,12,translateX,-11.07818,translateY,-1.56155,translateZ,-6.64379,rotate_00,0.461746727710648,rotate_01,0.7049272770861625,rotate_02,0.5383934374306554,rotate_10,-0.6932902797356814,rotate_11,0.6654335731535546,rotate_12,-0.27667082922511665,rotate_20,-0.5532978831267379,rotate_21,-0.24551108679646494,rotate_22,0.7959810040368357
0,godNode_C_master_ctrl,12,translateX,1.75871,translateY,24.53526,translateZ,36.83958,rotate_00,-0.028662649874202414,rotate_01,-0.0968823808527506,rotate_02,-0.9948830367347166,rotate_10,-0.5098260413681039,rotate_11,-0.8546867577664086,rotate_12,0.09791809659951856,rotate_20,-0.8597998953507247,rotate_21,0.5100238723619188,rotate_22,-0.024895573418499014
0,godNode_C_master_ctrl,12,translateX,-25.49881,translateY,12.91444,translateZ,-13.23522,rotate_00,0.9971300702004715,rotate_01,-0.03739123736937571,rotate_02,0.0658294650592689,rotate_10,0.05025513954344934,rotate_11,-0.3234132818055397,rotate_12,-0.9449223619436882,rotate_20,0.05662193966538888,rotate_21,0.9455187700515296,rotate_22,-0.3206060065388225
0,godNode_C_master_ctrl,12,translateX,14.17007,translateY,22.79291,translateZ,1.63729,rotate_00,-0.7843217048761175,rotate_01,0.01568831245634772,rotate_02,0.6201558998449448,rotate_10,0.024783880965062233,rotate_11,-0.99808963500542,rotate_12,0.05659363691314809,rotate_20,0.6198590343816331,rotate_21,0.059757487790398425,rotate_22,0.7824345468781716
0,godNode_C_master_ctrl,12,translateX,32.45117,translateY,14.90033,translateZ,21.32074,rotate_00,0.04059698173491899,rotate_01,0.04647380587430045,rotate_02,0.9980942192205967,rotate_10,0.25147855517774187,rotate_11,-0.9672367459730463,rotate_12,0.034808239329044935,rotate_20,0.9670110761308425,rotate_21,0.24958618272458613,rotate_22,-0.05095405806449027
0,godNode_C_master_ctrl,12,translateX,-26.80404,translateY,15.18135,translateZ,10.8,rotate_00,0.05609095398473562,rotate_01,-0.20436104418580084,rotate_02,0.9772872497379523,rotate_10,-0.9899033224329601,rotate_11,-0.13900158668523566,rotate_12,0.027748353738081988,rotate_20,0.13017379581647426,rotate_21,-0.9689763271196441,rotate_22,-0.21009440821795988
0,godNode_C_master_ctrl,12,translateX,36.65675,translateY,-28.77051,translateZ,-38.11071,rotate_00,0.2916182045613246,rotate_01,0.2758963403471444,rotate_02,0.9158821060330212,rotate_10,-0.6815045581846828,rotate_11,0.7318057171203347,rotate_12,-0.003453920018312795,rotate_20,-0.6712006852960818,rotate_21,-0.6231706040668521,rotate_22,0.4014324828473961
0,godNode_C_master_ctrl,12,translateX,33.98922,translateY,35.88846,translateZ,31.39467,rotate_00,0.7431444335087052,rotate_01,-0.3860479401485786,rotate_02,-0.5465375914354521,rotate_10,-0.641986563855542,rotate_11,-0.6416378123650329,rotate_12,-0.41970724269705967,rotate_20,-0.18865206803525816,rotate_21,0.6627728914571372,rotate_22,-0.7246671591672733
0,godNode_C_master_ctrl,12,translateX,16.98744,translateY,27.18398,translateZ,-25.39265,rotate_00,-0.16407921935396838,rotate_01,-0.302438224239962,rotate_02,0.938940429577282,rotate_10,0.8740946384084222,rotate_11,-0.485741473231991,rotate_12,-0.0037127197664847946,rotate_20,0.4572051759132238,rotate_21,0.8201136151174381,rotate_22,0.3440597119936663
0,godNode_C_master_ctrl,12,translateX,-9.84302,translateY,34.14308,translateZ,27.47574,rotate_00,-0.4530578125778648,rotate_01,-0.5235083276625052,rotate_02,-0.7215799673841893,rotate_10,-0.29082911724309335,rotate_11,-0.6783395175705307,rotate_12,0.6747398931927644,rotate_20,-0.8427081600564714,rotate_21,0.5155526450035796,rotate_22,0.15507555321213393
0,godNode_C_master_ctrl,12,translateX,19.7833,translateY,-23.77979,translateZ,-23.58731,rotate_00,0.15431331803337833,rotate_01,-0.9242903617454956,rotate_02,0.34910561018395303,rotate_10,-0.7611933993054172,rotate_11,-0.3364828533658457,rotate_12,-0.5544040929183716,rotate_20,0.6298984114374263,rotate_21,-0.1801849510229958,rotate_22,-0.7554875079665098
0,godNode_C_master_ctrl,12,translateX,11.87978,translateY,16.10956,translateZ,36.56376,rotate_00,0.4124164707043393,rotate_01,-0.81883539331318,rotate_02,0.3992759113062381,rotate_10,0.12559479640167928,rotate_11,0.48520610757607335,rotate_12,0.865332872533857,rotate_20,-0.9022962938018738,rotate_21,-0.3067305524862593,rotate_22,0.30294845496037187
0,godNode_C_master_ctrl,12,translateX,-30.96343,translateY,-29.53183,translateZ,7.78087,rotate_00,-0.6559769676202426,rotate_01,0.1505342645936434,rotate_02,0.7396172342063175,rotate_10,0.5507415833812481,rotate_11,-0.574599092297988,rotate_12,0.6054086152880913,rotate_20,0.5161181321039472,rotate_21,0.8044720742906988,rotate_22,0.29401829092754284
0,godNode_C_master_ctrl,12,translateX,3.84952,translateY,-12.33345,translateZ,27.58809,rotate_00,0.5547320645349721,rotate_01,-0.8294897943220261,rotate_02,-0.06495396594796801,rotate_10,0.164567443939111,rotate_11,0.18591055853339708,rotate_12,-0.9686871634439815,rotate_20,0.8155917440558814,rotate_21,0.5266725219160409,rotate_22,0.2396375631792361
0,godNode_C_master_ctrl,12,translateX,3.12653,translateY,-16.86428,translateZ,-37.59705,rotate_00,-0.011364359605061658,rotate_01,0.2483771251469257,rotate_02,0.9685967453148474,rotate_10,0.5321561365636612,rotate_11,0.8215931047699057,rotate_12,-0.20443731682886238,rotate_20,-0.8465699602799552,rotate_21,0.5131214026897486,rotate_22,-0.14151229082062122
0,godNode_C_master_ctrl,12,translateX,-39.01774,translateY,-31.00809,translateZ,-8.57301,rotate_00,0.4896518686724524,rotate_01,0.4179019654348462,rotate_02,0.7652444019993009,rotate_10,0.794601357107983,rotate_11,0.14744393844853695,rotate_12,-0.5889558288165042,rotate_20,-0.35895644692319834,rotate_21,0.8964475624934659,rotate_22,-0.25986926888686995
0,godNode_C_master_ctrl,12,translateX,-33.80626,translateY,-22.91066,translateZ,-15.74973,rotate_00,0.1858447161101041,rotate_01,0.982297011435376,rotate_02,0.023544061227492308,rotate_10,0.7931222275007408,rotate_11,-0.16411228885805507,rotate_12,0.5865358376860135,rotate_20,0.5800162702357736,rotate_21,-0.09033126795799679,rotate_22,-0.8095809955099507
0,godNode_C_master_ctrl,12,translateX,5.62627,translateY,10.57864,translateZ,25.36031,rotate_00,-0.4474530755926504,rotate_01,0.36634122408672515,rotate_02,-0.8158307745343503,rotate_10,0.5138971239831162,rotate_11,-0.641269534238452,rotate_12,-0.5698097317697206,rotate_20,-0.7319122154360861,rotate_21,-0.674216205673105,rotate_22,0.09867632392423929
0,godNode_C_master_ctrl,12,translateX,2.31483,translateY,6.85975,translateZ,27.4661,rotate_00,-0.4871898629943373,rotate_01,0.5547422565120007,rotate_02,-0.6744679875542895,rotate_10,-0.33943106090192904,rotate_11,-0.831886271377507,rotate_12,-0.4390350628237111,rotate_20,-0.8046319607687419,rotate_21,0.015041952453147515,rotate_22,0.5935833112342758
0,godNode_C_master_ctrl,12,translateX,3.89557,translateY,20.04328,translateZ,19.78454,rotate_00,-0.2184867719174208,rotate_01,0.04801308717850362,rotate_02,0.9746580292372778,rotate_10,0.8558690520371007,rotate_11,0.48922942433344996,rotate_12,0.16775796890602815,rotate_20,-0.4687768085797546,rotate_21,0.8708325406333589,rotate_22,-0.14798307305847413
0,godNode_C_master_ctrl,12,translateX,-13.70396,translateY,38.65711,translateZ,36.7398,rotate_00,0.1755176237121705,rotate_01,-0.17537076640160193,rotate_02,-0.9687304362195645,rotate_10,0.2793228369725128,rotate_11,0.9524391632342516,rotate_12,-0.12181294300387595,rotate_20,0.944019235244738,rotate_21,-0.24920821541304228,rotate_22,0.21615491865462322
0,godNode_C_master_ctrl,12,translateX,14.56036,translateY,-32.67179,translateZ,9.42531,rotate_00,-0.5043535456791216,rotate_01,-0.047732110021728565,rotate_02,-0.8621769810391438,rotate_10,0.7705621372183432,rotate_11,-0.47548633693285475,rotate_12,-0.4244369636066997,rotate_20,-0.3896941026579665,rotate_21,-0.8784272246823007,rotate_22,0.27659377666634694
0,godNode_C_master_ctrl,12,translateX,11.1579,translateY,-5.67832,translateZ,17.94391,rotate_00,0.22742055737017308,rotate_01,-0.2276156893914718,rotate_02,-0.9468215185705726,rotate_10,-0.9175577459437692,rotate_11,-0.3757264302290557,rotate_12,-0.13006703074153828,rotate_20,-0.3261405723672378,rotate_21,0.8983433350173952,rotate_22,-0.29429845308087343
0,godNode_C_master_ctrl,12,translateX,-23.2119,translateY,-9.16817,translateZ,-24.39517,rotate_00,0.5622610698264848,rotate_01,0.7325379129052407,rotate_02,-0.38373258333637844,rotate_10,-0.7711391696693309,rotate_11,0.29684843444538195,rotate_12,-0.5632276519925316,rotate_20,-0.29867519207204224,rotate_21,0.6125922078542623,rotate_22,0.7317949962366297
0,godNode_C_master_ctrl,12,translateX,-3.31146,translateY,30.22943,translateZ,-37.45228,rotate_00,-0.4980166794780079,rotate_01,-0.8339322817272471,rotate_02,-0.23777370850219431,rotate_10,-0.2931040023996426,rotate_11,-0.09617919946058584,rotate_12,0.9512305742397219,rotate_20,-0.8161307681609666,rotate_21,0.5434211176282241,rotate_22,-0.1965300439543083
0,godNode_C_master_ctrl,12,translateX,-9.51834,translateY,-21.54247,translateZ,-26.71706,rotate_00,0.3241753644842264,rotate_01,0.8207717469814678,rotate_02,-0.47036589206542995,rotate_10,0.8861141368490009,rotate_11,-0.08936482324241868,rotate_12,0.45476990318533733,rotate_20,0.3312281231083326,rotate_21,-0.5642230655723319,rotate_22,-0.7562673222732096
0,godNode_C_master_ctrl,12,translateX,11.15414,translateY,-37.99914,translateZ,-17.99765,rotate_00,0.0377344985910597,rotate_01,0.0760550463338001,rotate_02,-0.9963893503762696,rotate_10,-0.2865147504810083,rotate_11,-0.9544125628021035,rotate_12,-0.08370159928177066,rotate_20,-0.9573324424529269,rotate_21,0.28863868398515835,rotate_22,-0.014223386883195575
0,godNode_C_master_ctrl,12,translateX,-36.91585,translateY,15.69795,translateZ,-28.48534,rotate_00,-0.12601467991791646,rotate_01,0.4555530934432575,rotate_02,-0.8812443926059691,rotate_10,-0.8824201608471683,rotate_11,-0.4573621966715198,rotate_12,-0.1102473618108829,rotate_20,-0.45327139792363086,rotate_21,0.7637350326586315,rotate_22,0.45962358481074117
0,godNode_C_master_ctrl,12,translateX,-7.31713,translateY,3.35776,translateZ,28.96293,rotate_00,0.15285379466194526,rotate_01,0.02826082341861886,rotate_02,0.9878446453350576,rotate_10,-0.9509137480191331,rotate_11,0.2763643223437507,rotate_12,0.13923291695459195,rotate_20,-0.26907017910881303,rotate_21,-0.9606373338545515,rotate_22,0.06911694089852492
0,godNode_C_master_ctrl,12,translateX,-18.24997,translateY,-0.95774,translateZ,-33.44965,rotate_00,0.8963276888023608,rotate_01,0.06225431659869521,rotate_02,0.43900008468227847,rotate_10,-0.3349652330001955,rotate_11,-0.5536306215807976,rotate_12,0.7624247028587057,rotate_20,0.2905081185911044,rotate_21,-0.8304321374518752,rotate_22,-0.47538142382698056
0,godNode_C_master_ctrl,12,translateX,31.06145,translateY,-8.00045,translateZ,7.08961,rotate_00,-0.13377896441459705,rotate_01,-0.013254399674710485,rotate_02,0.9909225547788392,rotate_10,-0.6978963485537161,rotate_11,-0.7086518387411754,rotate_12,-0.10369791764611999,rotate_20,0.7035935441400443,rotate_21,-0.7054338327143193,rotate_22,0.08555251198204239
0,godNode_C_master_ctrl,12,translateX,-11.8523,translateY,-5.5851,translateZ,-3.70633,rotate_00,0.7777144688960599,rotate_01,-0.6237458956122774,rotate_02,-0.0781105791590193,rotate_10,0.295955881053021,rotate_11,0.472938411409874,rotate_12,-0.8299032326019911,rotate_20,0.554590228312625,rotate_21,0.6223104665036115,rotate_22,0.5524123115393138
0,godNode_C_master_ctrl,12,translateX,3.85263,translateY,-29.44868,translateZ,16.92375,rotate_00,0.3260766246331808,rotate_01,0.8665304147633749,rotate_02,-0.3778876488559061,rotate_10,0.4277532438328719,rotate_11,0.22122947244686508,rotate_12,0.8764044060314491,rotate_20,0.8430309586594593,rotate_21,-0.4474176581348738,rotate_22,-0.29852343615002463
0,godNode_C_master_ctrl,12,translateX,-34.64928,translateY,-6.94057,translateZ,-31.15962,rotate_00,-0.9492960771849837,rotate_01,-0.3062966770151846,rotate_02,-0.0708470429210481,rotate_10,-0.07149199580941214,rotate_11,-0.009127515395985109,rotate_12,0.9973994099646757,rotate_20,-0.30614678240410775,rotate_21,0.9518923437617047,rotate_22,-0.013233046189752072
0,godNode_C_master_ctrl,12,translateX,-0.19707,translateY,-18.7061,translateZ,10.99289,rotate_00,-0.9687492268534563,rotate_01,0.1826791750851956,rotate_02,0.16778931569388822,rotate_10,-0.15594663801387731,rotate_11,0.07747320870429308,rotate_12,-0.9847225741421946,rotate_20,-0.19288748420516963,rotate_21,-0.9801154120425071,rotate_22,-0.04656390784445574
0,godNode_C_master_ctrl,12,translateX,-20.51858,translateY,0.17672,translateZ,-27.045,rotate_00,-0.11035843271900747,rotate_01,-0.037651434885618514,rotate_02,0.9931784259531912,rotate_10,-0.7076953034251463,rotate_11,-0.698653424135524,rotate_12,-0.10512254969176629,rotate_20,0.6978455229044563,rotate_21,-0.714468867337662,rotate_22,0.05045655326559439
0,godNode_C_master_ctrl,12,translateX,38.26839,translateY,-35.63819,translateZ,18.05294,rotate_00,-0.7783143093722054,rotate_01,0.5157877919405365,rotate_02,-0.3580360170591417,rotate_10,0.5193598673771779,rotate_11,0.8493127563666969,rotate_12,0.09451544863546898,rotate_20,0.352834471083011,rotate_21,-0.11238681220636965,rotate_22,-0.9289117506295541
0,godNode_C_master_ctrl,12,translateX,9.37132,translateY,31.21108,translateZ,-3.48102,rotate_00,-0.9149398341444435,rotate_01,-0.11885494374303819,rotate_02,-0.3856923673649473,rotate_10,0.34035324223568597,rotate_11,0.2863624296423454,rotate_12,-0.8956317487611686,rotate_20,0.21689806452662191,rotate_21,-0.9507208114042586,rotate_22,-0.22155172842348425
0,godNode_C_master_ctrl,12,translateX,33.09144,translateY,-29.00176,translateZ,4.48561,rotate_00,-0.7065097723249476,rotate_01,0.660208435104577,rotate_02,-0.2548897091412601,rotate_10,0.6590506241566765,rotate_11,0.7450186399303491,rotate_12,0.10295387780471268,rotate_20,0.2578686029900611,rotate_21,-0.09524730113288311,rotate_22,-0.9614737309042074
0,godNode_C_master_ctrl,12,translateX,-32.77281,translateY,36.05069,translateZ,-28.00232,rotate_00,-0.00975679074008706,rotate_01,-0.5423136007200835,rotate_02,-0.8401194935891391,rotate_10,-0.05164905764724036,rotate_11,0.8393113271509315,rotate_12,-0.5411920832387463,rotate_20,0.9986176344720765,rotate_21,0.03811108224860348,rotate_22,-0.036198971411270486
0,godNode_C_master_ctrl,12,translateX,37.27354,translateY,4.78047,translateZ,-2.10625,rotate_00,0.11045019606656636,rotate_01,-0.007920714358503597,rotate_02,-0.9938500975866069,rotate_10,-0.21524634732626435,rotate_11,-0.976426410029023,rotate_12,-0.0161392614618739,rotate_20,-0.9702936484134882,rotate_21,0.21570518788820212,rotate_22,-0.1095513932661618
0,godNode_C_master_ctrl,12,translateX,-36.59474,translateY,7.17492,translateZ,-38.45514,rotate_00,-0.2475029054837745,rotate_01,0.9577916085168171,rotate_02,-0.1462106235259873,rotate_10,0.9676277407977736,rotate_11,0.2366587328327816,rotate_12,-0.0876880802194858,rotate_20,-0.04938488651082194,rotate_21,-0.16318050995370192,rotate_22,-0.9853594542884152
0,godNode_C_master_ctrl,12,translateX,6.46057,translateY,-23.54208,translateZ,11.35755,rotate_00,-0.9182245468224379,rotate_01,0.30218351771205476,rotate_02,0.2560250050989094,rotate_10,-0.37533704828803677,rotate_11,-0.8702851754391867,rotate_12,-0.31894484412388285,rotate_20,0.12643489152584514,rotate_21,-0.3889586546587596,rotate_22,0.9125378804032714
0,godNode_C_master_ctrl,12,translateX,-22.06516,translateY,34.61122,translateZ,35.65949,rotate_00,-0.1269763574803102,rotate_01,-0.5577326917985403,rotate_02,-0.82025072334024,rotate_10,0.9391495299215404,rotate_11,-0.33369640703499187,rotate_12,0.08151606209874628,rotate_20,-0.31917889198564187,rotate_21,-0.7599874686013524,rotate_22,0.5661659495940446
0,godNode_C_master_ctrl,12,translateX,-15.37546,translateY,6.23663,translateZ,-18.75056,rotate_00,0.48509095518610523,rotate_01,-0.8502091223561119,rotate_02,0.20452680376684418,rotate_10,-0.4037625921739852,rotate_11,-0.010302498078948117,rotate_12,0.9148057868718784,rotate_20,-0.775669088179731,rotate_21,-0.5263442854214171,rotate_22,-0.34828028776639275
0,godNode_C_master_ctrl,12,translateX,-0.44101,translateY,4.53534,translateZ,24.77942,rotate_00,0.15075204144002255,rotate_01,0.40406567160333595,rotate_02,0.9022221206739566,rotate_10,-0.11735839062602715,rotate_11,0.9135132965867275,rotate_12,-0.38951311288442964,rotate_20,-0.9815807812662872,rotate_21,-0.047163439134511,rotate_22,0.1851344912696462
0,godNode_C_master_ctrl,12,translateX,34.23933,translateY,-26.15785,translateZ,37.65031,rotate_00,-0.7811146294508611,rotate_01,0.5844723719178158,rotate_02,0.21966333813954325,rotate_10,-0.13066690994569077,rotate_11,0.19100052228002218,rotate_12,-0.9728540276598558,rotate_20,-0.6105621133865821,rotate_21,-0.7886132429483552,rotate_22,-0.072822103398551
0,godNode_C_master_ctrl,12,translateX,-4.38886,translateY,-16.47292,translateZ,32.75431,rotate_00,-0.00022554794067586315,rotate_01,-0.8541272160083511,rotate_02,0.5200640806688631,rotate_10,-0.9951288076166468,rotate_11,0.05146118147928757,rotate_12,0.08408568874800473,rotate_20,-0.09858298727263723,rotate_21,-0.517511783126316,rotate_22,-0.8499782049828242
0,godNode_C_master_ctrl,12,translateX,-1.90734,translateY,10.41752,translateZ,-7.68312,rotate_00,0.9913883115718846,rotate_01,-0.07733106547946159,rotate_02,0.10568406687130812,rotate_10,0.11889859616807014,rotate_11,0.8697669874309941,rotate_12,-0.47892432743020596,rotate_20,-0.05488478393790104,rotate_21,0.4873656675300633,rotate_22,0.8714713802558669
0,godNode_C_master_ctrl,12,translateX,-6.82048,translateY,-16.98399,translateZ,27.57699,rotate_00,0.9331722759728632,rotate_01,0.3113897354800233,rotate_02,-0.1795158377227679,rotate_10,-0.35589943382298617,rotate_11,0.8703345188998084,rotate_12,-0.34037246982668407,rotate_20,0.05025033691532788,rotate_21,0.3815157373544636,rotate_22,0.9229954744151109
0,godNode_C_master_ctrl,12,translateX,-34.33529,translateY,-5.23298,translateZ,-20.30002,rotate_00,-0.024650143137107346,rotate_01,0.029236646567382514,rotate_02,0.9992685269439914,rotate_10,-0.936012528220836,rotate_11,-0.3517339060727252,rotate_12,-0.012798684794235519,rotate_20,0.3511024315736919,rotate_21,-0.9356433496885003,rotate_22,0.03603615860110132
0,godNode_C_master_ctrl,12,translateX,-34.0165,translateY,21.28006,translateZ,37.76749,rotate_00,-0.8497479785666269,rotate_01,0.4033464342958868,rotate_02,-0.33947021498612473,rotate_10,0.21387279228777215,rotate_11,0.8523047981298358,rotate_12,0.4773206048390235,rotate_20,0.4818576570326171,rotate_21,0.3329987763125471,rotate_22,-0.8105091074956428
0,godNode_C_master_ctrl,12,translateX,19.33351,translateY,35.26431,translateZ,19.79227,rotate_00,-0.6722888864681654,rotate_01,-0.36834731336667215,rotate_02,0.6421432160094426,rotate_10,0.09538896644177366,rotate_11,-0.9032944493685717,rotate_12,-0.41828230039185227,rotate_20,0.7341175642991828,rotate_21,-0.21995316427704348,rotate_22,0.6424110890325221
0,godNode_C_master_ctrl,12,translateX,14.73928,translateY,-32.33302,translateZ,-26.64682,rotate_00,-0.40475659765900973,rotate_01,0.24067060117410333,rotate_02,0.8821846509557952,rotate_10,0.061622028750465796,rotate_11,-0.9553711001842609,rotate_12,0.2889096511115403,rotate_20,0.912345779967321,rotate_21,0.17130009533917623,rotate_22,0.3718621453073838
0,godNode_C_master_ctrl,12,translateX,32.78154,translateY,-16.47368,translateZ,-3.24529,rotate_00,0.5636604463500872,rotate_01,0.8254235740258704,rotate_02,-0.03102941608826848,rotate_10,-0.5275930517565612,rotate_11,0.3886754558031795,rotate_12,0.7553654491664212,rotate_20,0.6355568211880186,rotate_21,-0.40939872190634535,rotate_22,0.6545687233154605
0,godNode_C_master_ctrl,12,translateX,-14.09973,translateY,9.60236,translateZ,-39.3216,rotate_00,0.4380029464690479,rotate_01,-0.0026976582812041974,rotate_02,-0.898969488650327,rotate_10,-0.09051386313553003,rotate_11,0.9947814557989026,rotate_12,-0.04708604654139413,rotate_20,0.894405198701749,rotate_21,0.10199302838142245,rotate_22,0.435473033260237
0,godNode_C_master_ctrl,12,translateX,-34.12587,translateY,7.54895,translateZ,39.15576,rotate_00,0.6774624216237604,rotate_01,-0.6831007771536691,rotate_02,-0.27279661937004235,rotate_10,0.23577608347624446,rotate_11,0.5529693572000377,rotate_12,-0.7991461245969851,rotate_20,0.6967455100309391,rotate_21,0.47707255030008844,rotate_22,0.5356747856693427
0,godNode_C_master_ctrl,12,translateX,-17.61476,translateY,0.17124,translateZ,5.13183,rotate_00,0.8523871770532949,rotate_01,-0.06851915544322593,rotate_02,-0.5184025711090388,rotate_10,-0.047751581116089056,rotate_11,0.977036068559052,rotate_12,-0.20765429741660799,rotate_20,0.520726307090422,rotate_21,0.20175640280303017,rotate_22,0.8295411183491467
0,godNode_C_master_ctrl,12,translateX,28.77828,translateY,1.22239,translateZ,-30.91114,rotate_00,-0.2573338849688893,rotate_01,0.25600296042441206,rotate_02,0.9317949108579392,rotate_10,0.05819212460564771,rotate_11,0.9666244587991306,rotate_12,-0.2495011669014168,rotate_20,-0.9645687887759476,rotate_21,-0.00998197902345929,rotate_22,-0.2636425834611624
0,godNode_C_master_ctrl,12,translateX,-3.93239,translateY,-5.07043,translateZ,-36.66924,rotate_00,0.22067967407374833,rotate_01,0.40658878397832837,rotate_02,-0.8865585385036503,rotate_10,0.5174622895026086,rotate_11,0.7216878522242369,rotate_12,0.45978192971743287,rotate_20,0.8267607032227782,rotate_21,-0.5602251375072277,rotate_22,-0.051132523031679256
0,godNode_C_master_ctrl,12,translateX,-10.35547,translateY,36.01483,translateZ,-23.99628,rotate_00,-0.06936551034656978,rotate_01,-0.867791240730394,rotate_02,0.49206380529964056,rotate_10,0.25244376633104926,rotate_11,-0.4924669671753087,rotate_12,-0.8329156206253712,rotate_20,0.965122049698873,rotate_21,0.06644282318472065,rotate_22,0.25322871170601774
0,godNode_C_master_ctrl,12,translateX,23.92923,translateY,-13.92751,translateZ,-20.76052,rotate_00,-0.7415084632736395,rotate_01,0.11154380611157017,rotate_02,0.6616065131267299,rotate_10,-0.6529193597662131,rotate_11,-0.3469901498393515,rotate_12,-0.6732712273348256,rotate_20,0.15447170788220038,rotate_21,-0.9312120141152649,rotate_22,0.3301252432507207
0,godNode_C_master_ctrl,12,translateX,25.15825,translateY,-32.31816,translateZ,33.95155,rotate_00,0.04139916951809375,rotate_01,-0.020286467594643098,rotate_02,0.9989367187143258,rotate_10,-0.8362573031020891,rotate_11,0.5464250092971114,rotate_12,0.04575404051089523,rotate_20,-0.5467721936708497,rotate_21,-0.8372623056409404,rotate_22,0.005656834908652764
0,godNode_C_master_ctrl,12,translateX,-28.37311,translateY,-12.0391,translateZ,-26.96513,rotate_00,-0.19903811128435467,rotate_01,-0.292957508516055,rotate_02,-0.9351789820459088,rotate_10,0.5040318116468333,rotate_11,0.7877786272580802,rotate_12,-0.3540575762265027,rotate_20,0.8404378401192844,rotate_21,-0.5418309077926805,rotate_22,-0.00913806632674019
0,godNode_C_master_ctrl,12,translateX,-18.28071,translateY,3.35253,translateZ,16.65043,rotate_00,0.6659268089644084,rotate_01,0.13917964511573871,rotate_02,0.7329191711832468,rotate_10,0.013158415034785764,rotate_11,-0.9844813803266299,rotate_12,0.17499505108415492,rotate_20,0.7459010264212356,rotate_21,-0.10688984131165458,rotate_22,-0.657423927620616
0,godNode_C_master_ctrl,12,translateX,0.47523,translateY,-3.73722,translateZ,4.63767,rotate_00,0.27295578956046074,rotate_01,0.42659825246779637,rotate_02,-0.8622697187869048,rotate_10,0.9381411248756697,rotate_11,0.08045329780422784,rotate_12,0.3367766272909065,rotate_20,0.21304076314742987,rotate_21,-0.9008558141366726,rotate_22,-0.3782491710152377
0,godNode_C_master_ctrl,12,translateX,-28.42236,translateY,-0.80821,translateZ,0.40801,rotate_00,0.09481579735309065,rotate_01,-0.3676762717592132,rotate_02,-0.9251076282020072,rotate_10,0.9049055429699845,rotate_11,0.41915728599816793,rotate_12,-0.07384529705301358,rotate_20,0.4149167662007594,rotate_21,-0.8301333198829546,rotate_22,0.37245502862172414
0,godNode_C_master_ctrl,12,translateX,-0.30751,translateY,28.54112,translateZ,-32.90446,rotate_00,-0.5609687097573274,rotate_01,-0.7699983217647453,rotate_02,0.3040011367621416,rotate_10,-0.45984884925626984,rotate_11,0.5951936906225521,rotate_12,0.659001901727749,rotate_20,-0.6883699169130528,rotate_21,0.2298848736271718,rotate_22,-0.6879678788770124
0,godNode_C_master_ctrl,12,translateX,18.52249,translateY,33.12494,translateZ,-37.0136,rotate_00,-0.4169841935047798,rotate_01,0.9079820963649277,rotate_02,-0.04114237533151548,rotate_10,-0.9088793344779202,rotate_11,-0.41614717988487426,rotate_12,0.027565921585160785,rotate_20,0.007908079801150308,rotate_21,0.048888008290552856,rotate_22,0.9987729596456051
0,godNode_C_master_ctrl,12,translateX,-24.0329,translateY,9.20421,translateZ,-31.43117,rotate_00,-0.34544730968357884,rotate_01,0.08587606926665392,rotate_02,0.9345006457781003,rotate_10,-0.7085991328712095,rotate_11,-0.6767472791477822,rotate_12,-0.19975081742071504,rotate_20,0.6152669543592826,rotate_21,-0.7311897297510287,rotate_22,0.2946322351340222
0,godNode_C_master_ctrl,12,translateX,23.32207,translateY,-37.5173,translateZ,27.01936,rotate_00,0.9031002434102077,rotate_01,0.42275133195456266,rotate_02,0.07544045123848789,rotate_10,0.11214112230776806,rotate_11,-0.40174763255436646,rotate_12,0.908858189391786,rotate_20,0.4145290328070854,rotate_21,-0.812330075195794,rotate_22,-0.4102261935718116
0,godNode_C_master_ctrl,12,translateX,-28.32362,translateY,-24.86597,translateZ,27.1286,rotate_00,0.09854067566825364,rotate_01,-0.16559350447017562,rotate_02,0.9812586440465786,rotate_10,0.7051560580360222,rotate_11,0.7073871906815384,rotate_12,0.04856229272572343,rotate_20,-0.7021713957816441,rotate_21,0.6871551162124653,rotate_22,0.186475674577386
0,godNode_C_master_ctrl,12,translateX,-8.20089,translateY,-24.83907,translateZ,32.19515,rotate_00,0.3239081912456798,rotate_01,0.9312684236626251,rotate_02,-0.16680109931556747,rotate_10,-0.626726707868207,rotate_11,0.34328204305349364,rotate_12,0.6995506218721408,rotate_20,0.7087292270596942,rotate_21,-0.12205147277255222,rotate_22,0.69484265895627
0,godNode_C_master_ctrl,12,translateX,-33.51275,translateY,8.54422,translateZ,39.81823,rotate_00,0.3535862813722609,rotate_01,0.48393248450198656,rotate_02,-0.8004911567713109,rotate_10,-0.1473970402184789,rotate_11,0.8739063198364067,rotate_12,0.4632082217370719,rotate_20,0.9237157864625725,rotate_21,-0.04579404539591137,rotate_22,0.3803315017798403
0,godNode_C_master_ctrl,12,translateX,-23.70636,translateY,-32.58453,translateZ,12.7584,rotate_00,0.40652166724106653,rotate_01,-0.5251265625197309,rotate_02,-0.7476511401715074,rotate_10,0.913516902437764,rotate_11,0.2201268820312341,rotate_12,0.3420979753926062,rotate_20,-0.01506661952982763,rotate_21,-0.8220621929899333,rotate_22,0.5691983378687301
0,godNode_C_master_ctrl,12,translateX,-33.31836,translateY,-26.21006,translateZ,14.70492,rotate_00,0.5303827665572803,rotate_01,-0.7875668190588562,rotate_02,-0.3137397431894154,rotate_10,0.5872064561760844,rotate_11,0.07436260202709444,rotate_12,0.8060141321620137,rotate_20,-0.6114594825204445,rotate_21,-0.6117260080602056,rotate_22,0.5019049634129509
0,godNode_C_master_ctrl,12,translateX,-6.31643,translateY,5.19318,translateZ,4.65124,rotate_00,0.3069148189256873,rotate_01,-0.06481339226362655,rotate_02,-0.9495275236174536,rotate_10,-0.667373745800754,rotate_11,-0.7259492964145958,rotate_12,-0.16616227746099332,rotate_20,-0.6785392968278868,rotate_21,0.6846874054767146,rotate_22,-0.2660593532313458
0,godNode_C_master_ctrl,12,translateX,32.98747,translateY,-0.45202,translateZ,5.26412,rotate_00,-0.4646791591805982,rotate_01,0.5961159555787338,rotate_02,0.6547664060775157,rotate_10,0.7973871272420747,rotate_11,-0.03982466828717191,rotate_12,0.6021526094807269,rotate_20,0.3850286331324521,rotate_21,0.8019100718286747,rotate_22,-0.45682949594776123
0,godNode_C_master_ctrl,12,translateX,3.74412,translateY,-30.07049,translateZ,-17.59251,rotate_00,-0.9943071245962494,rotate_01,0.0112756807313057,rotate_02,0.1059537682255066,rotate_10,0.054968111466422824,rotate_11,0.9061318068454434,rotate_12,0.4194086972689371,rotate_20,-0.09127896087792424,rotate_21,0.4228451343542429,rotate_22,-0.9015931142449951
0,godNode_C_master_ctrl,12,translateX,20.81292,translateY,1.10533,translateZ,39.76817,rotate_00,0.6362178058660468,rotate_01,0.6633527931277673,rotate_02,-0.3939415887521686,rotate_10,0.633389874815339,rotate_11,-0.7406367102782815,rotate_12,-0.2242198248807961,rotate_20,-0.44050444944450057,rotate_21,-0.10686596856696251,rotate_22,-0.8913672053546973
0,godNode_C_master_ctrl,12,translateX,-10.35246,translateY,32.61001,translateZ,-8.31787,rotate_00,0.02279476459842666,rotate_01,-0.41258886745083595,rotate_02,-0.9106321019833086,rotate_10,0.3205451160282922,rotate_11,-0.8597632569810167,rotate_12,0.39756505195477493,rotate_20,-0.946958936436692,rotate_21,-0.3009610745611977,rotate_22,0.11265524533575064
0,godNode_C_master_ctrl,12,translateX,-24.43702,translateY,24.48618,translateZ,-10.23521,rotate_00,-0.2560691975236416,rotate_01,-0.129154759847838,rotate_02,-0.9579914478158175,rotate_10,0.9624264743636683,rotate_11,-0.1266959064256299,rotate_12,-0.24017374698102906,rotate_20,-0.0903540122159362,rotate_21,-0.9834974302476014,rotate_22,0.15674487925558234
0,godNode_C_master_ctrl,12,translateX,-11.48814,translateY,26.49282,translateZ,-11.80971,rotate_00,0.134747169982512,rotate_01,0.9767423343969208,rotate_02,0.16678612765622158,rotate_10,0.9321660829059848,rotate_11,-0.06787428916162151,rotate_12,-0.35561140975862515,rotate_20,-0.336020228649134,rotate_21,0.2033900023788238,rotate_22,-0.9196319442423285
0,godNode_C_master_ctrl,12,translateX,-7.68175,translateY,-23.99396,translateZ,-25.69581,rotate_00,-0.00044853572705294553,rotate_01,0.06202035931951704,rotate_02,-0.9980747836938771,rotate_10,-0.01707359025670923,rotate_11,0.9979289253515026,rotate_12,0.06201896857043962,rotate_20,0.9998541350274287,rotate_21,0.017068537625501767,rotate_22,0.0006113034265156081
0,godNode_C_master_ctrl,12,translateX,-28.34646,translateY,-3.60584,translateZ,21.6627,rotate_00,0.10338571521882953,rotate_01,-0.04588938788681179,rotate_02,-0.9935821848081137,rotate_10,0.9848242177772231,rotate_11,-0.13528005075884184,rotate_12,0.10872243533956374,rotate_20,-0.1394010544012185,rotate_21,-0.9897441446889489,rotate_22,0.031206955727362425
0,godNode_C_master_ctrl,12,translateX,6.49217,translateY,-24.41964,translateZ,37.22009,rotate_00,0.5063016096313719,rotate_01,0.8376333392844271,rotate_02,0.20500992415954333,rotate_10,0.7112663338192495,rotate_11,-0.5400441079498706,rotate_12,0.4499472900729071,rotate_20,0.487605252699359,rotate_21,-0.08199238005966601,rotate_22,-0.8692055954445678
0,godNode_C_master_ctrl,12,translateX,-28.1463,translateY,9.27722,translateZ,-26.42513,rotate_00,0.5822784891941345,rotate_01,-0.5176713147844852,rotate_02,-0.6268717339863858,rotate_10,0.6106335021784315,rotate_11,-0.230573475649692,rotate_12,0.7576031931982101,rotate_20,-0.536729435599632,rotate_21,-0.8239249250848788,rotate_22,0.18184947287462028
0,godNode_C_master_ctrl,12,translateX,38.32401,translateY,-3.49614,translateZ,17.50776,rotate_00,0.192973252070344,rotate_01,0.10301072447831155,rotate_02,0.9757817966266069,rotate_10,0.9015876939391817,rotate_11,0.3737913234935469,rotate_12,-0.2177605947327725,rotate_20,-0.3871704458282214,rotate_21,0.9217748299467696,rotate_22,-0.020741474243177738
0,godNode_C_master_ctrl,12,translateX,36.79687,translateY,29.74909,translateZ,18.55242,rotate_00,0.10939824299966805,rotate_01,0.47279481832037473,rotate_02,0.874355239132236,rotate_10,0.331693434980437,rotate_11,0.8118507392876924,rotate_12,-0.48049749459170543,rotate_20,-0.9370226729484534,rotate_21,0.3425834743349878,rotate_22,-0.06800789287358167
0,godNode_C_master_ctrl,12,translateX,30.24795,translateY,-12.07051,translateZ,23.25789,rotate_00,-0.04376973806301443,rotate_01,0.3785280298282254,rotate_02,0.9245543470582231,rotate_10,0.9795848319161234,rotate_11,-0.1654926182747418,rotate_12,0.11413040951661689,rotate_20,0.19620847868977312,rotate_21,0.9106748727899175,rotate_22,-0.3635567479215757
0,godNode_C_master_ctrl,12,translateX,16.8547,translateY,32.0886,translateZ,-38.65891,rotate_00,0.4043971528556438,rotate_01,0.15044682059945094,rotate_02,-0.9021245462427931,rotate_10,-0.6268664681071939,rotate_11,0.7638314143568554,rotate_12,-0.15362292017930873,rotate_20,0.6659589881704889,rotate_21,0.627636299629907,rotate_22,0.4032013162947464
0,godNode_C_master_ctrl,12,translateX,-20.28144,translateY,6.50319,translateZ,37.78248,rotate_00,0.3599985083849705,rotate_01,-0.9264918544962225,rotate_02,0.10960801755686764,rotate_10,0.47709577784428436,rotate_11,0.2837831589819336,rotate_12,0.8317732488132757,rotate_20,-0.801736049285395,rotate_21,-0.2471436064930364,rotate_22,0.5441868659255401
0,godNode_C_master_ctrl,12,translateX,-29.55838,translateY,25.25075,translateZ,30.43525,rotate_00,-0.055406053979906826,rotate_01,-0.1566130920183573,rotate_02,0.9861047148202998,rotate_10,0.49016989836840147,rotate_11,-0.8646849341298461,rotate_12,-0.10978813880549057,rotate_20,0.8698641502647905,rotate_21,0.4772759202990575,rotate_22,0.1246758035338099
0,godNode_C_master_ctrl,12,translateX,-17.63336,translateY,-3.25768,translateZ,3.77846,rotate_00,-0.9625665998777977,rotate_01,0.27068781363150884,rotate_02,-0.01391575909140898,rotate_10,0.22547815171673685,rotate_11,0.7711957115372802,rotate_12,-0.5953291338452306,rotate_20,-0.15041656789762478,rotate_21,-0.576181639813264,rotate_22,-0.8033614218046559
