No.,rigName,dimension,translateX,translateY,translateZ,rotMtx_00,rotMtx_01,rotMtx_02,rotMtx_10,rotMtx_11,rotMtx_12,rotMtx_20,rotMtx_21,rotMtx_22
0,arm_L_arm_ik_ctrl,12,34.44219,25.79544,-7.94284,0.9207284232721902,-0.3873375816926157,-0.047209833586054406,0.1694426322772009,0.5058662955426692,-0.8458064113027933,0.35149447356349706,0.7707586450001408,0.5313969761034277
0,arm_L_arm_ik_ctrl,12,-36.56358,34.74337,26.37746,0.9775234301864093,-0.20995798881475375,0.019120313006326523,0.12482309224898107,0.503284109285866,-0.8550580687776327,0.16990332273972314,0.8382259529942963,0.518179614273666
0,arm_L_arm_ik_ctrl,12,45.60343,44.78275,-44.34486,0.09058982990286946,0.1375579751428138,-0.9863423777739545,-0.39512483121070746,-0.9041609058149613,-0.16238665017968354,-0.9141497965207229,0.4044389445521759,-0.02755521095261071
0,arm_L_arm_ik_ctrl,12,-26.20354,4.42292,-13.00448,-0.21314006060271137,-0.8378268614124061,-0.5026106493719661,0.8265014009134236,-0.42895131015436666,0.36454932149847796,-0.5210247104067338,-0.33770834134307265,0.7838917829221645
0,arm_L_arm_ik_ctrl,12,-26.39519,-39.6834,-10.39418,-0.22222193868037074,0.097170266886124,0.9701419221961375,0.9320498573229208,-0.2708888245278249,0.24062898455974918,0.28618258757908416,0.9576936796174509,-0.030370093633822037
0,arm_L_arm_ik_ctrl,12,12.29017,24.1787,29.51936,-0.10559566710962785,0.5256846664293295,-0.8441002230592982,0.11368620460003385,0.8496623009005715,0.5149266174048354,0.9878891648212931,-0.04158853098428586,-0.1494837520242824
0,arm_L_arm_ik_ctrl,12,29.33401,32.1954,-1.49654,-0.3868799664809363,-0.3141449807202267,0.8669699087188653,0.2244291604265978,0.8798336266946369,0.41895625223592825,-0.8944022828045116,0.35665910955091373,-0.26988670972915146
0,arm_L_arm_ik_ctrl,12,-17.61672,-34.91508,15.09345,0.8363342080853894,-0.5273745844719907,-0.14973690273002108,-0.24009424884279615,-0.10680150616158213,-0.9648565644458409,0.49284870301016137,0.8428935199268134,-0.21594135779555806
0,arm_L_arm_ik_ctrl,12,-27.32941,46.2295,-37.36691,-0.08145604057850853,0.1446447555682826,0.9861251483152959,0.203801651785697,0.9709244980783177,-0.12558067431252434,-0.9756176506104705,0.1907446295913953,-0.10856650542108981
0,arm_L_arm_ik_ctrl,12,-3.69926,-12.66881,-36.14606,-0.47644509144406255,-0.0055525344444340985,0.8791866947355959,-0.8789897066377658,0.025096924353148916,-0.47617983998996244,-0.01942087700678474,-0.9996696022933054,-0.016837927040809882
0,arm_L_arm_ik_ctrl,12,7.14026,-7.11109,7.80913,0.05459660067632022,0.24959316760261302,-0.9668104580943901,-0.5203022031690115,-0.8193019397600202,-0.24089406153523307,-0.8522351955722454,0.5161856082762886,0.08513277416115939
0,arm_L_arm_ik_ctrl,12,-4.76204,5.97724,42.42106,0.9332495632572544,0.3577244917826185,-0.03283962026289307,-0.3586158679573064,0.9224188475531558,-0.14331130076841664,-0.02097407755710673,0.1455220177759196,0.9891326657294528
0,arm_L_arm_ik_ctrl,12,-2.54293,15.74725,16.64105,-0.3982205605248077,0.23045908479809873,0.88786766773508,0.8032658418378591,-0.37976504819156,0.45884909884250336,0.4429270510048163,0.8959169149012002,-0.03388966040095331
0,arm_L_arm_ik_ctrl,12,-24.09915,18.5258,18.40819,0.1076699558333195,-0.22742743434801552,0.9678243346376088,-0.31476208973826314,0.9156078074919137,0.2501742787007736,-0.9430440114196434,-0.3315706636084227,0.026997917694103753
0,arm_L_arm_ik_ctrl,12,-39.31715,20.25855,15.2042,0.29922374291443093,-0.4904743267345471,0.8184742430220824,-0.6411756496097109,0.5319013174334517,0.5531498665462405,-0.7066533365263646,-0.6903013279190842,-0.15532269199735468
0,arm_L_arm_ik_ctrl,12,46.52421,-48.83453,23.59916,0.19675286650248502,0.40432263015421366,-0.8932029558102874,0.5110503367876762,0.7351739899840661,0.44536137879267335,0.8367292649311713,-0.5440977992935528,-0.06198162640375582
0,arm_L_arm_ik_ctrl,12,-13.84772,-1.95193,-8.30474,0.7335848096965691,0.5700404327712464,0.3700097728282575,-0.5337735011537498,0.8202844268615871,-0.2054733766560172,-0.42064138698957865,-0.046769263991726685,0.9060206727758234
0,arm_L_arm_ik_ctrl,12,2.19839,30.66908,46.04948,0.2889036876543639,0.332495314727549,-0.8977647380822761,-0.9345439762352972,-0.1055538941550982,-0.3398322114088283,-0.2077551822266533,0.9371794071109985,0.28023658423740394
0,arm_L_arm_ik_ctrl,12,-31.87351,16.14305,-16.54403,0.9987238855364097,-0.024960838091108765,0.04390395222352999,0.04937300566021157,0.299657311947468,-0.9527684932387795,0.010625759790869774,0.9537203216657423,0.3005073065179272
0,arm_L_arm_ik_ctrl,12,17.71258,28.49114,2.04662,-0.44064089491715397,0.7872701637496851,0.4313250410028995,-0.8614674518691636,-0.5059538070074143,0.043411686730122356,0.2524072722737196,-0.35244351950950614,0.9011515602045489
0,arm_L_arm_ik_ctrl,12,40.56397,18.62542,26.65093,0.4510241105770161,0.288155987382055,0.8447149688587771,-0.639746731924889,-0.5555659121035862,0.5311032256538601,0.6223354165316611,-0.7799440007105536,-0.06622677016116942
0,arm_L_arm_ik_ctrl,12,-33.50505,18.97669,13.49999,0.1258391874257081,0.35014544666107383,0.9282039997169558,-0.9100185033170005,0.4132893164974405,-0.032530977387173025,-0.39500737022076404,-0.8405891428347118,0.37064682707353724
0,arm_L_arm_ik_ctrl,12,45.82094,-35.96314,-47.63839,-0.004535577817229797,-0.24561861699755927,0.9693559323169536,-0.47938969166466106,0.8512490457902273,0.21344925759273256,-0.8775904238649856,-0.46373112578889264,-0.1216079393585845
0,arm_L_arm_ik_ctrl,12,42.48653,44.86058,39.24333,0.8797506906712338,-0.29096028437162047,-0.3760064297081539,-0.40586609793676814,-0.04772219950929513,-0.912685763129664,0.2476114553268262,0.955544192903908,-0.16007455325113473
0,arm_L_arm_ik_ctrl,12,21.2343,33.97997,-31.74081,0.21535410724996204,0.18728908357848548,0.9584077460365722,-0.3048589397382175,-0.9194915714024741,0.24818597257197875,0.9277303678075122,-0.3456270378488063,-0.14091953503896515
0,arm_L_arm_ik_ctrl,12,-12.30377,42.67885,34.34467,0.011596590621965275,0.0074594123721759015,-0.9999049336076948,-0.9802662051052442,-0.19726451816632135,-0.012840443963237476,-0.19734154710681306,0.9803219201056718,0.005024613996973848
0,arm_L_arm_ik_ctrl,12,24.72913,-29.72474,-29.48413,-0.11325514132492653,-0.2582333343911617,0.9594210848072361,-0.993285503569717,0.006486239432271779,-0.11550687034233723,0.023604689401159458,-0.9660608022827808,-0.2572340275527816
0,arm_L_arm_ik_ctrl,12,14.84972,20.13695,45.7047,-0.05214584035479741,-0.24162871372603717,0.9689666537279769,-0.09269063016591178,0.9672692877745154,0.23621721361413908,-0.9943285465142485,-0.07749638463362302,-0.0728357876018335
0,arm_L_arm_ik_ctrl,12,-38.70428,-36.91478,9.72609,0.031042621099855783,-0.004703816410200734,0.9995069933654442,0.996947135286514,0.07182278273474196,-0.030625109375338078,-0.07164331873429765,0.9974063174009968,0.006919023725835196
0,arm_L_arm_ik_ctrl,12,4.81191,-15.41682,34.48511,0.7927723499027729,-0.6079764874171021,-0.04331964886281153,0.3585268643120089,0.5226167820300368,-0.7735180584234395,0.49292036760133323,0.5976924709986995,0.6322920379976609
0,arm_L_arm_ik_ctrl,12,3.90816,-21.08036,-46.99631,0.18342319167905222,-0.29644939029822936,0.9372692738728173,0.38437233502757434,0.8991679349427136,0.20917679803531197,-0.9047728117155819,0.32189250342725234,0.27887519684908624
0,arm_L_arm_ik_ctrl,12,-48.77218,-38.76011,-10.71626,-0.003013263632431596,-0.05723768651725045,0.9983560324275278,0.7533438300865734,0.6564148697311483,0.039907298409339716,-0.6576199464073255,0.7522256084699542,0.041141706931451694
0,arm_L_arm_ik_ctrl,12,-42.25782,-28.63832,-19.68717,0.6037217129473808,0.7970405901344283,0.015696846627349492,0.07460831052166624,-0.07609413819960364,0.9943054269854725,0.7936962223149251,-0.5991126603651622,-0.10540553530624107
0,arm_L_arm_ik_ctrl,12,7.03284,13.2233,31.70039,-0.0532363640530773,0.8026495325201042,-0.5940703809210374,-0.5626318805333705,-0.5156057401810166,-0.646216749782818,-0.8249916705942498,0.29984070543814456,0.4790451907831499
0,arm_L_arm_ik_ctrl,12,2.89354,8.57469,34.33262,-0.02539232217219456,0.016159882290963438,-0.9995469414585019,0.7860404905388635,-0.6174490204361285,-0.02995086636290207,-0.617653282358417,-0.7864448902286847,0.0029761426487808773
0,arm_L_arm_ik_ctrl,12,4.86946,25.0541,24.73067,-0.23114473657829746,0.5797395431266873,0.7813284667074466,0.25039331427092126,-0.7405769877979459,0.6235775118720565,0.940146424191771,0.33977608403091125,0.026017567143104103
0,arm_L_arm_ik_ctrl,12,-17.12995,48.32139,45.92475,-9.738223736510676e-05,0.3489425300619632,-0.9371441197759584,0.18022533178605604,0.921804841536308,0.3432122723662835,0.9836253454945668,-0.16886368713899935,-0.0629780506725659
0,arm_L_arm_ik_ctrl,12,18.20046,-40.83974,11.78163,0.16829227349843556,0.010600585189918079,-0.9856801399411268,0.9656186091353043,0.19921975741652598,0.1670095504649398,0.19813735733659238,-0.9798975027259391,0.023291023574324887
0,arm_L_arm_ik_ctrl,12,13.94737,-7.0979,22.42988,0.5851254062085567,-0.33804538565894476,-0.7371252106962338,-0.7409275841729768,0.14662138463985563,-0.6553842266776704,0.32962793270726937,0.9296383634516096,-0.16467525369084757
0,arm_L_arm_ik_ctrl,12,-29.01488,-11.46021,-30.49397,0.7911316307628026,0.5538450135156788,-0.2595504648626271,-0.6095773499054478,0.679076187462697,-0.40898775788937664,-0.05026129016290544,0.48177923639873216,0.8748500271967846
0,arm_L_arm_ik_ctrl,12,-4.13933,37.78679,-46.81535,-0.27463591337176724,-0.22588163621438015,-0.9346403594471883,-0.9596873246078531,0.003945889564425763,0.2810421124005547,-0.059794264553349276,0.9741467632634516,-0.21785942612121298
0,arm_L_arm_ik_ctrl,12,-11.89793,-26.92808,-33.39633,0.6623311075735487,0.6771025634474359,-0.320701765684736,0.33706636610942703,0.11298572092200587,0.9346766776300351,0.6691066946146795,-0.7271632178820968,-0.15339454286633702
0,arm_L_arm_ik_ctrl,12,13.94268,-47.49892,-22.49707,0.4048059102246092,0.36974069843156426,-0.8363157244549242,-0.8356643475249461,-0.22170256434583102,-0.5025067872558424,-0.3712105512009749,0.9022969516106222,0.219232611149087
0,arm_L_arm_ik_ctrl,12,-46.14482,19.62243,-35.60668,0.2535512705662061,0.7084649894535046,-0.6586266863048508,-0.9646355367123817,0.23589349517356425,-0.11761182018153872,0.07204189410251267,0.6651553334774105,0.7432216007629737
0,arm_L_arm_ik_ctrl,12,-9.14641,4.1972,36.20366,-0.15927213756400246,-0.37491850521746584,0.9132735081240965,-0.15112249998243424,-0.9049207134248851,-0.39784480945923567,0.9755994957946894,-0.2013817689367572,0.0874700345549828
0,arm_L_arm_ik_ctrl,12,-22.81246,-1.19718,-41.81207,0.10053717540013961,0.1943602822760523,0.9757644987578378,0.41281844172543863,-0.9004768899898189,0.13682947330763162,0.9052475962596873,0.38905713111037626,-0.17076691189519486
0,arm_L_arm_ik_ctrl,12,38.82681,-10.00056,8.86202,0.4193243523559068,0.02764677741286408,0.9074154193201606,-0.9078012889563133,0.00396769889251336,0.41938177968857215,0.007994203559774645,-0.9996098804354535,0.026761532939332696
0,arm_L_arm_ik_ctrl,12,-14.81537,-6.98138,-4.63291,0.8989418200632461,-0.43495844987355536,-0.05210327268965324,0.3166381017059488,0.7273408493283355,-0.6088641896567647,0.30272746272750306,0.5308356014642662,0.7915615247904859
0,arm_L_arm_ik_ctrl,12,4.81578,-36.81085,21.15468,-0.07336958549029647,0.2516804017524714,-0.9650253257291731,0.4500894166388437,0.8718424919624752,0.19315844852961178,0.8899642807184385,-0.4201757305965873,-0.17724540745231354
0,arm_L_arm_ik_ctrl,12,-43.3116,-8.67572,-38.94953,-0.3099687738918573,-0.9495717317232291,-0.047253418121093516,0.45525364983648586,-0.19187438630754183,0.8694413920383954,-0.8346636888726723,0.2479873911940935,0.49177106491355344
0,arm_L_arm_ik_ctrl,12,-0.24634,-23.38263,13.74112,-0.38636018905358793,0.915503755199444,0.11215470801616972,-0.473732934454774,-0.09263574041764056,-0.8757829219676212,-0.7913930193824967,-0.39149903424273225,0.46949504263587627
0,arm_L_arm_ik_ctrl,12,-25.64822,0.2209,-33.80625,0.4207619174778474,0.09373434535072515,0.9023155109505965,-0.9070433016456061,0.026774345177120518,0.4201851774874672,0.015226875589005092,-0.9952371611540675,0.09628673490045037
0,arm_L_arm_ik_ctrl,12,47.83549,-44.54773,22.56617,-0.2551326920766557,0.10492334431892615,-0.961196338554538,0.3194265436833753,0.9474278068499761,0.018634215785402468,0.9126193032279181,-0.3022774265875246,-0.2752351081374116
0,arm_L_arm_ik_ctrl,12,11.71415,39.01386,-4.35128,-0.2557682797190517,-0.02208159472926685,-0.9664858976021169,0.6910922862270595,0.694898388440277,-0.19876539351849465,0.6759985495598442,-0.7187688313479643,-0.1624725456059226
0,arm_L_arm_ik_ctrl,12,41.3643,-36.2522,5.60701,-0.3022160142178823,0.1655027252569202,-0.9387621257181129,0.4206027862064225,0.9069144767632716,0.024483220225200896,0.8554290017211549,-0.3874467444304232,-0.34369498577170887
0,arm_L_arm_ik_ctrl,12,-40.96601,45.06336,-35.00289,0.07192495963134649,0.12119744412676922,-0.9900191814905245,-0.03682039688058897,0.9922360033407908,0.11879382158955008,0.996730183427584,0.027908658359595183,0.07582907247871562
0,arm_L_arm_ik_ctrl,12,46.59192,5.97559,-2.63281,-0.19910868233963305,0.38633743278908383,-0.9006104155754112,-0.924839134417087,-0.37799742349486387,0.04231457528910642,-0.3240807122733904,0.8413449565173517,0.4325625458534146
0,arm_L_arm_ik_ctrl,12,-45.74343,8.96865,-48.06892,-0.2636015693240499,0.31796972517573513,-0.9107192028949239,0.8028792217935538,0.5956411433078244,-0.0244250611283855,0.5346953972703297,-0.7376360093370002,-0.4123032256329182
0,arm_L_arm_ik_ctrl,12,8.07572,-29.4276,14.19694,-0.3361365950597452,0.07233203702735712,0.9390315574468802,-0.939223942536202,-0.09962694925365012,-0.32853136341780786,0.06978950657795151,-0.9923923354207667,0.10142424448682096
0,arm_L_arm_ik_ctrl,12,-27.58145,43.26403,44.57436,0.07314092819047768,0.09178477734413444,-0.9930890993618463,-0.2382156500561683,-0.9653263072019311,-0.10676340521077354,-0.9684542883852353,0.24437813992206897,-0.048740291715141604
0,arm_L_arm_ik_ctrl,12,-19.21932,7.79579,-23.4382,0.7566589493896618,-0.6393188689663953,0.13688907221565283,0.07857177183680192,0.2967703298306785,0.9517110107604176,-0.64907142209387,-0.7093650365754709,0.2747863422830945
0,arm_L_arm_ik_ctrl,12,-0.55126,5.66917,30.97428,0.5049894114479,0.5295510947762992,0.6815873622263889,-0.2077113926331001,0.8410259096028461,-0.4995311769520734,-0.837759912920117,0.11068449483973991,0.5347029744691438
0,arm_L_arm_ik_ctrl,12,42.79916,-32.69731,47.06289,-0.09416335189560865,0.9846277356663835,0.14711045277706902,-0.4666510536223317,0.0868754350244909,-0.8801644465339832,-0.8794146105864692,-0.1515284822922606,0.45129708811519337
0,arm_L_arm_ik_ctrl,12,-5.48608,-20.59115,40.94289,-0.07918046853431716,-0.1370888355748557,0.9873890340506201,-0.8316262205126472,0.5552383975234176,0.010399580351013904,-0.5496619713592492,-0.8203151669183972,-0.15797070666774451
0,arm_L_arm_ik_ctrl,12,-2.38417,13.02191,-9.6039,0.1988806928144199,-0.38987894212985436,0.8991334052905396,0.5683308875784301,-0.7015511036289181,-0.42991400444898353,0.7984024500525846,0.5965068813356241,0.08205527569435943
0,arm_L_arm_ik_ctrl,12,-8.5256,-21.22998,34.47123,0.9699725383872129,0.21152740752920038,-0.12003928789626495,-0.2345544581349597,0.9440933037304023,-0.23167226856149536,0.06432325352220788,0.2528714885379326,0.9653592747474528
0,arm_L_arm_ik_ctrl,12,-42.91911,-6.54122,-25.37502,0.029528033094491812,0.5210833045083259,0.852994891558123,-0.9617854775365065,0.24720551367595012,-0.11772055558857974,-0.27220725644524035,-0.8169220426521083,0.5084698474518052
0,arm_L_arm_ik_ctrl,12,-42.52062,26.60007,47.20937,-0.27603309868754966,0.08401300519759786,-0.9574693433142485,-0.04519775514281054,0.9939358634014075,0.10024301658743688,0.9600848355010094,0.07094585542628262,-0.2705619970336428
0,arm_L_arm_ik_ctrl,12,24.16689,44.08039,24.74034,-0.055457379079144595,-0.019253238912784576,0.9982754088411869,-0.8886010270976338,-0.45498131807556125,-0.05813961509380056,0.45531603721668135,-0.8902928242963616,0.008123623557588553
0,arm_L_arm_ik_ctrl,12,18.4241,-40.41627,-33.30852,-0.12416989793963507,0.7412661293714122,0.6596259257278971,-0.8457246051943086,-0.4267499326710267,0.3203660205674207,0.5189717994405779,-0.5180820595349723,0.6798965001920584
0,arm_L_arm_ik_ctrl,12,40.97692,-20.5921,-4.05661,-0.05969454569537459,0.47826551860770217,-0.8761841444155041,-0.0612006926424273,0.8743446766934246,0.4814310558719262,0.996338816083319,0.0823618846844605,-0.022923427250602032
0,arm_L_arm_ik_ctrl,12,-17.62467,12.00295,-49.152,-0.10898795906195113,0.19057548244587863,-0.9756037157934728,-0.05675141562616617,0.9786564298559494,0.1975116936437772,0.9924217357575039,0.07689328834253205,-0.09584633850041224
0,arm_L_arm_ik_ctrl,12,-42.65733,9.43619,48.9447,0.8500137718658954,-0.4938919785701684,-0.18315922347061148,0.3025888239069772,0.7424266046927461,-0.5976978670624421,0.4311804625500852,0.4526294844002595,0.7805190315211087
0,arm_L_arm_ik_ctrl,12,-22.01845,0.21404,6.41478,0.9333855658165756,-0.04996039452160908,-0.3553805629244741,-0.0050349173431576775,0.9883418533584449,-0.1521677709219053,0.3588398460770745,0.14382051272067928,0.9222524735603275
0,arm_L_arm_ik_ctrl,12,35.97284,1.52798,-38.63892,-0.0012047435051596445,0.6970276633893471,0.717043223985189,0.017127308281734147,0.7169529484918478,-0.6969111313215398,-0.9998525910873609,0.0114414211893899,-0.012801952079966704
0,arm_L_arm_ik_ctrl,12,-4.91549,-6.33804,-45.83656,0.5640644291215888,0.4904341568873118,-0.6643084054548517,0.1662045041331696,0.7206106668258094,0.6731243047630276,0.8088308739196242,-0.49009652581414376,0.324958478546603
0,arm_L_arm_ik_ctrl,12,-12.94434,45.01854,-29.99535,0.42686491665394427,-0.8394621608976077,0.33628800655262703,0.7025626481168002,0.07370988312724168,-0.7077941640056641,0.5693786687268236,0.5383958892399597,0.6212389218717571
0,arm_L_arm_ik_ctrl,12,29.91154,-17.40939,-25.95065,-0.04140792237835278,0.004135373925165553,0.9991337661428561,-0.948640348153472,0.3137387549209627,-0.04061383404584562,-0.31363493717946617,-0.9495003382533063,-0.0090682874507344
0,arm_L_arm_ik_ctrl,12,31.44781,-40.39771,42.43943,0.5022881315328296,-0.1574450108598506,0.8502456712483754,-0.49676459222258407,0.7522853941757077,0.43277202500142,-0.7077651961174614,-0.6397481959843586,0.2996509184026804
0,arm_L_arm_ik_ctrl,12,-35.46638,-15.04887,-33.70642,0.08685317753508691,-0.6870353773568616,-0.7214145242592316,0.4020752358351029,0.6867260369253315,-0.6055929779455622,0.9114779373524109,-0.2374652405488912,0.3358842497808615
0,arm_L_arm_ik_ctrl,12,-22.85089,4.19066,20.81303,0.845321193642522,0.1168466093350003,0.5213242268163794,-0.4381033858962857,-0.4068724311067049,0.8015736073945613,0.3057736137160825,-0.9059810675131318,-0.29274699394319037
0,arm_L_arm_ik_ctrl,12,0.59404,-4.67153,5.79708,0.024237447258118824,-0.16699651190304282,-0.9856595310565545,0.8095144049390738,0.5818057384353347,-0.07866708917871529,0.5865995008065955,-0.7959988993308544,0.14928756785988995
0,arm_L_arm_ik_ctrl,12,-35.52794,-1.01027,0.51001,0.09076843915012824,0.24459411555497476,-0.9653677066745758,0.669380415910773,0.7027464226500045,0.24099237383730887,0.7373540189416272,-0.6680727386209532,-0.09993931489723938
0,arm_L_arm_ik_ctrl,12,-0.38438,35.6764,-41.13058,-0.25286058973916203,-0.18337906365145132,0.9499650736585425,-0.13765901532212343,0.9787029098735842,0.1522846338457101,-0.95765939543102,-0.09226447430780485,-0.27271917630302034
0,arm_L_arm_ik_ctrl,12,23.15311,41.40618,-46.26701,-0.3449996255019334,0.3280291693667966,-0.8794157847389681,-0.8911958489158661,0.17952117496370135,0.41658385304135437,0.2945254102427401,0.927452970119877,0.23040349593086473
0,arm_L_arm_ik_ctrl,12,-30.04113,11.50526,-39.28897,0.27363798243362303,-0.04484392317181923,0.9607868010772297,-0.9609628285434086,0.029728907776725433,0.27507568813011146,-0.040898615227262014,-0.9985515583068121,-0.03495838491019643
0,arm_L_arm_ik_ctrl,12,29.15259,-46.89663,33.7742,0.10467411515895218,0.4436056034122472,0.8900884215834665,0.5609160855481498,-0.7653979050073678,0.31549832326602606,0.8212286372192774,0.46624040540432476,-0.3289428670443848
0,arm_L_arm_ik_ctrl,12,-35.40452,-31.08247,33.91075,0.4687646423956482,-0.38636616400056933,0.7943430602423396,0.5232662674618058,0.8459607311451984,0.10267840423804449,-0.711654497193877,0.36752092277279463,0.5987288601261539
0,arm_L_arm_ik_ctrl,12,-10.25111,-31.04884,40.24393,0.6750219132927698,0.7293252085488298,-0.11149061283253368,-0.5967361648076596,0.6285585443283248,0.49881871051766224,0.43387943738464263,-0.2701830796461229,0.8595055190559993
0,arm_L_arm_ik_ctrl,12,-41.89093,10.68028,49.77279,0.009761155705193314,-0.09449772215579483,-0.9954772224147902,-0.03716786298026664,0.9948024262559195,-0.09479811536531657,0.9992613621074217,0.0379251001673291,0.006198142989554234
0,arm_L_arm_ik_ctrl,12,-29.63296,-40.73066,15.948,0.6940964039509941,-0.4830697555850285,-0.5337356960718658,0.689108537267034,0.6603159072300997,0.29851687812346395,0.20822969501967517,-0.5750013164314591,0.7912103893491931
0,arm_L_arm_ik_ctrl,12,-41.64795,-32.76257,18.38116,-0.03918893454898331,-0.30334336867551875,-0.9520751168313893,-0.27103723904484056,-0.9138595023482077,0.3023237089922588,-0.9617707847818343,0.2698955550735774,-0.046404168903883436
0,arm_L_arm_ik_ctrl,12,-7.89554,6.49147,5.81404,-0.11484238582071216,0.2835261378294664,-0.9520631048341877,-0.9933753190844296,-0.028834523052412294,0.11123868802825475,0.00408679005017526,0.9585309068819046,0.2849592930564635
0,arm_L_arm_ik_ctrl,12,41.23434,-0.56503,6.58015,-0.03918335378982318,0.02714073490969221,0.9988633766908981,0.938663506326264,0.3437376404866414,0.027481928679763394,-0.342601060531144,0.9386734336398566,-0.03894481097267044
0,arm_L_arm_ik_ctrl,12,4.68016,-37.58811,-21.99064,-0.437499585876722,0.003307513353906137,0.8992125292238258,0.2646040392586984,0.9561924788008987,0.12522238574861086,-0.8594060825742841,0.2927200092921671,-0.4192089948871753
0,arm_L_arm_ik_ctrl,12,26.01615,1.38166,49.71022,-0.0034925070708531343,0.25091918402835944,-0.9680017383666737,0.9886427690712034,-0.14457189040289073,-0.04104197447196183,-0.1502440599743718,-0.957151258470612,-0.24756451856140563
0,arm_L_arm_ik_ctrl,12,-12.94057,40.76251,-10.39734,0.11102036136449042,0.20975338325413567,-0.9714309021108714,-0.7228409200705813,-0.6537779727673653,-0.22377525912332105,-0.6820377435553059,0.7270336171991207,0.07903566175055986
0,arm_L_arm_ik_ctrl,12,-30.54628,30.60773,-12.79401,0.30816553395983665,0.0991990963127322,-0.9461466815298702,0.849870584155801,0.41821067855787597,0.32065529549165206,0.42749736123855353,-0.9029171432810975,0.04457172313446422
0,arm_L_arm_ik_ctrl,12,-14.36018,33.11603,-14.76214,0.5733559640742364,0.811686531092482,0.11148055302857124,0.28570296884224156,-0.0705513287735513,-0.9557177007898385,-0.7678780841092107,0.579816768687608,-0.27235227682806035
0,arm_L_arm_ik_ctrl,12,-9.60219,-29.99246,-32.11977,0.2338091369251689,-0.4004975584795513,-0.8859655710817581,0.038586070130835454,0.9143266440554303,-0.40313509294303873,0.9715165478169508,0.060070738485993265,0.22923155039300655
0,arm_L_arm_ik_ctrl,12,-35.43307,-4.5073,27.07838,0.5422273951086245,-0.15503619241684144,-0.8258045961573499,0.7813408116508692,0.4545067361778081,0.42770335843637863,0.3090242515442383,-0.87714731135077,0.36758210803525093
0,arm_L_arm_ik_ctrl,12,8.11521,-30.52455,46.52511,0.7672543560814937,0.6264924637894096,0.13721496233664793,0.02478987663296256,-0.2427595871200614,0.9697696865121223,0.6408636478148025,-0.7406584743836884,-0.20178902158723228
0,arm_L_arm_ik_ctrl,12,-35.18288,11.59653,-33.03142,0.7961678632215234,-0.41904404699995906,-0.4364846162777902,0.5932786372693816,0.3988815489342491,0.6992238328887251,-0.11889992486565809,-0.8156565432789162,0.566186551653455
0,arm_L_arm_ik_ctrl,12,47.90501,-4.37017,21.8847,-0.07187431440413404,-0.3606493165748097,0.9299280366689985,0.6944456012340375,0.6511414474282758,0.30620274715897916,-0.7159464992970017,0.6677925470497048,0.20365098636941578
0,arm_L_arm_ik_ctrl,12,45.99609,37.18637,23.19053,0.4742527302116357,0.5922723423394837,0.65138147071168,0.044793419871941235,0.722688173472608,-0.6897212143025627,-0.8792484844587366,0.35627977268226585,0.31620693565209385
0,arm_L_arm_ik_ctrl,12,37.80993,-15.08814,29.07237,0.30520095439391937,0.6369256481584085,0.7079393308434221,-0.005940733606395909,-0.7421209728725358,0.6702396357325784,0.9522694393506803,-0.20876345547224676,-0.22271222359365184
0,arm_L_arm_ik_ctrl,12,21.06837,40.11076,-48.32363,-0.06330046385912345,-0.21513738289758882,-0.9745301215227757,-0.5302565040507863,-0.8200014003060403,0.2154663393849998,-0.8454709286469041,0.5303900545599528,-0.06217152754140787
0,arm_L_arm_ik_ctrl,12,-25.3518,8.12899,47.2281,0.6947493994645259,-0.7155220629081476,0.07315360165671675,0.535069841548758,0.5821292148643988,0.6122302196611547,-0.48064907844358523,-0.3862042913964416,0.7872881992626999
0,arm_L_arm_ik_ctrl,12,-36.94798,31.56344,38.04406,0.17351126166740072,-0.567119083334068,0.8051520275034483,0.9566524846428304,-0.09711382693117512,-0.27456315893703176,0.23390140166593004,0.8178904877409374,0.5256855375237224
0,arm_L_arm_ik_ctrl,12,-22.0417,-4.0721,4.72307,-0.3342665833949974,0.9424329059434101,-0.009277339084831639,0.09570803553991859,0.02415022354683471,-0.9951164447619824,-0.9376064329762914,-0.3335220899696114,-0.09827101476924648
0,arm_L_arm_ik_ctrl,12,43.4262,-11.19653,32.16412,0.5814678064159873,-0.8100984914872514,0.07507079453329196,0.43770001458016206,0.23371343562074043,-0.8682146780876698,0.6857943477007564,0.5376973722275662,0.4904769602756731
0,arm_L_arm_ik_ctrl,12,32.71706,-28.72369,44.25194,0.8020496491170973,0.4286058462335172,0.4159487816133036,-0.46181713969824184,0.8866727701372347,-0.023158760288437108,-0.3787364384794203,-0.17351780102229653,0.9090931101357611
0,arm_L_arm_ik_ctrl,12,-1.87534,16.60876,11.98337,-0.05622332941089203,-0.09911284720362751,-0.9934865780417694,-0.219996246240105,0.9718338057734941,-0.08450269579173053,0.9738791448995185,0.21381229495750953,-0.07644418653361118
0,arm_L_arm_ik_ctrl,12,-46.94447,36.7618,22.2076,0.4483851894436352,-0.8693859078828655,-0.20765082485336048,-0.47132058682028444,-0.032572395270984426,-0.8813602801951612,0.7594785226238974,0.49305900482700477,-0.4243644559008513
0,arm_L_arm_ik_ctrl,12,-25.90645,-40.21128,16.59261,0.10346592227533669,-0.8613687834868549,-0.497331500874507,0.42058746914981116,0.4910012345279322,-0.762904953769605,0.9013328928436322,-0.13023673263109073,0.4130828122201494
0,arm_L_arm_ik_ctrl,12,39.59024,-30.3065,-38.66214,0.03445207063098243,0.4830795974778972,-0.8748983697149231,-0.008863303362856094,-0.8752359453675538,-0.4836150140246496,-0.999367048027268,0.024416028283832433,-0.025872009587724728
0,arm_L_arm_ik_ctrl,12,32.13575,9.98052,22.2134,0.4452177198610754,0.6863574793216323,-0.5750605120341338,0.11607244482765702,-0.6810420226892305,-0.7229861346409714,-0.8878673152410984,0.25513755880037964,-0.38287916712188397
0,arm_L_arm_ik_ctrl,12,-25.9897,-33.55976,-10.01517,-0.02963708095981521,-0.9240547201490674,0.3811095873924058,0.1283401118025333,-0.3816390578874602,-0.9153580967016597,0.9912872737681517,0.021783105035789285,0.12990395375162822
0,arm_L_arm_ik_ctrl,12,21.09823,-31.74614,-40.09843,0.2948535952243507,-0.31727549336655897,-0.9013310261453786,0.2792917360673127,0.9306902691547572,-0.23624510379085584,0.9138147971814538,-0.18207658885659145,0.36302979525455825
0,arm_L_arm_ik_ctrl,12,42.63129,-32.01811,28.40891,-0.4085658779517724,-0.09265098135955517,-0.9080141623491389,-0.07554199337627757,0.9948538985316874,-0.06752131376862823,0.9095973453183752,0.041006294997408196,-0.4134623963075114
0,arm_L_arm_ik_ctrl,12,1.4938,-31.13518,45.29195,-0.25176737161387314,0.8955811456833281,-0.3668073092063186,-0.8655239962751223,-0.03879122071708841,0.4993630473585531,0.4329912267732272,0.4432038500417341,0.7849133358821213
0,arm_L_arm_ik_ctrl,12,-41.26985,8.38081,-10.22485,0.883262309538188,0.08358448198233359,-0.461368970479172,0.468572453191935,-0.12176500602268957,0.8749932224983151,0.016957259771495953,-0.9890333248581866,-0.14671582621177137
0,arm_L_arm_ik_ctrl,12,1.00185,9.69981,-19.77018,0.26267213953764634,0.5076880867097426,-0.8205218788817981,0.5700054174938363,0.6044890393793981,0.5564951260324297,0.7785224281537381,-0.6138776815320566,-0.1306025305207907
0,arm_L_arm_ik_ctrl,12,-44.76364,-41.28133,-9.27582,0.03896887074770238,0.10235416509263015,-0.9939844324740901,0.2850782870070576,0.9522595758134181,0.10923401736075904,0.9577117506795926,-0.28762010562517965,0.00792953027549048
0,arm_L_arm_ik_ctrl,12,46.07808,4.82553,-32.29205,0.33637930895535595,0.8766881502498859,0.34389947327402337,0.23102473072262025,-0.4308421810352959,0.8723546233243054,0.9129493602063906,-0.21399276214905738,-0.34746303896466313
0,arm_L_arm_ik_ctrl,12,40.00582,-27.74677,30.80467,0.4429616476924833,-0.31881128818220184,-0.8379405355997316,-0.11103378373229798,0.9079340533307118,-0.4041376667331979,0.8896383970713323,0.27205719496103964,0.3667811406360493
0,arm_L_arm_ik_ctrl,12,7.25767,7.80639,-4.36527,0.9866221417354105,-0.11284209113693647,0.11765802949767105,0.02650716234684023,0.8231598800370623,0.5671906048602071,-0.16085434337234963,-0.5564840288500763,0.8151388874621537
0,arm_L_arm_ik_ctrl,12,-45.54242,12.39029,6.40512,0.10457630771989633,-0.3737952599027718,0.9215969289976463,-0.13832407880753492,0.9122040169923066,0.38568157929196767,-0.9848503668505791,-0.167812201753385,0.04369004299563894
0,arm_L_arm_ik_ctrl,12,44.00341,-26.33519,1.15113,-0.04787253083560672,0.3893079514419517,0.9198627831016238,0.14977139384391022,-0.9077095769968844,0.3919589945570714,0.9875610109646121,0.1565332002234954,-0.014852839807419697
0,arm_L_arm_ik_ctrl,12,8.60978,28.2029,-22.82027,0.01842419678443985,-0.052824219858632504,-0.9984338489700634,-0.2915103099914911,0.954932829182801,-0.0559019759721989,0.9563902384181433,0.29208370982521153,0.002195065654737149
0,arm_L_arm_ik_ctrl,12,1.97779,-22.66783,24.07987,-0.34132841298986366,-0.740902550589597,-0.5784101702214877,0.05943344088727606,-0.6311473647800127,0.7733826155503778,-0.9380632071401794,0.22960055413930244,0.25946291632679536
0,arm_L_arm_ik_ctrl,12,-18.45648,26.98683,-41.2413,-0.07755571702811404,0.8932312008901265,0.4428579145873285,-0.6546049718245037,0.2894142447521192,-0.6983779247636633,-0.7519823412945915,-0.34406019341234867,0.5622678558215481
0,arm_L_arm_ik_ctrl,12,-8.75712,-9.22779,39.77584,0.07629549473495267,0.6867109672274015,0.7229156555039844,0.016528560444378396,-0.7258003602010343,0.6877068007673658,0.9969482454835783,-0.04052017548895265,-0.06672564128998036
0,arm_L_arm_ik_ctrl,12,-0.61673,-1.76461,26.89527,0.76642769851648,0.14620792316137188,0.6254692847387232,-0.6422421908187717,0.15827684675176223,0.7499822718668914,0.01065604424898042,-0.9765099502755501,0.21520865627062088
0,arm_L_arm_ik_ctrl,12,-1.58812,-30.12318,48.38795,0.08430363792867723,0.5070820359999079,-0.8577649476390248,0.2874376649395952,0.8118604505100442,0.5081950390073688,0.9540820118868525,-0.28939664418202277,-0.0773116868922177
0,arm_L_arm_ik_ctrl,12,16.9535,12.54687,8.27741,-0.004069344640451833,-0.22463291015323988,-0.9744349624835327,0.9994453226140061,0.03129471974414655,-0.011388047291816245,0.03305279926394354,-0.9739408073349334,0.2243809623577625
0,arm_L_arm_ik_ctrl,12,7.57162,2.80935,-6.68436,0.05902286494877164,-0.9461839934100226,0.3182014331015842,0.42864188236849077,0.31189744485284665,0.8479304927727641,-0.9015444737187601,0.08634717429614204,0.4239831687676242
0,arm_L_arm_ik_ctrl,12,-42.76334,-8.99049,49.02547,0.18193047808388485,0.7851952711893441,0.5919203385980762,-0.2975205549495468,0.617706424083616,-0.7279562438968057,-0.9372207960383094,-0.04367104014932842,0.34599135787703267
0,arm_L_arm_ik_ctrl,12,-30.65637,-4.98937,19.81649,0.025788980261311156,-0.04564610699289335,-0.9986247350298685,-0.16416583862531586,0.9852014227460508,-0.049272041236426194,0.9860955866068606,0.1652107427970429,0.017913808610144355
0,arm_L_arm_ik_ctrl,12,-49.84898,19.49873,3.88301,-0.21398006394338331,-0.164932406442602,-0.9628134988354898,0.8021101174336764,0.5328817025346793,-0.26954860529091096,0.5575229966067042,-0.8299604764136627,0.018267891117664692
0,arm_L_arm_ik_ctrl,12,27.15909,-40.49876,-23.31259,-0.17691399275856792,-0.23794304816228568,0.9550311748825073,-0.8708996039770934,0.48988914446280707,-0.0392747492677011,-0.4585142516419348,-0.8386845246984945,-0.29389275096963124
0,arm_L_arm_ik_ctrl,12,1.73209,-46.98124,28.41078,-0.33403542662063623,-0.5878139891116777,-0.7368141203634646,0.5444961641763783,0.5177472819866148,-0.6598952031896304,0.7693791399301,-0.6216208379712582,0.14711652810045006
0,arm_L_arm_ik_ctrl,12,8.25884,18.01901,-1.29461,0.13730684257815506,0.7854530096039701,0.6034984678400462,-0.9773004910778229,0.206664674206102,-0.04662040941831784,-0.1613399551266319,-0.583398047767861,0.7960000858921971
0,arm_L_arm_ik_ctrl,12,40.63712,35.14004,-45.41831,0.2688091390236253,0.3976582239041912,0.8772739502223585,0.10753213743202042,0.8927136345231235,-0.4376062227114878,-0.9571721298683317,0.21196769493929796,0.19720854470697358
0,arm_L_arm_ik_ctrl,12,-5.17328,-4.56047,44.48464,-0.04067038794701627,-0.2661677334204001,-0.9630683554297099,0.47453494370881555,-0.8533711824478172,0.21581059326846364,-0.8792965977095049,-0.4482324872802747,0.16101282744870904
0,arm_L_arm_ik_ctrl,12,37.04757,30.60745,41.17007,-0.2989306228720676,0.27877272761131894,0.9126479326933596,0.2435254895322897,-0.9024273144848649,0.3554156412141904,0.9226786107076377,0.3284976535864157,0.20187489425592964
0,arm_L_arm_ik_ctrl,12,-36.66648,12.33215,27.26127,-0.09401934651199251,0.9599841531321334,-0.26380066000038516,0.2717409765583882,-0.2301675585711651,-0.9344408684558285,-0.9577667796183745,-0.15954096877156762,-0.2392268278075816
0,arm_L_arm_ik_ctrl,12,10.52399,-35.12024,44.48481,0.843507983056025,0.4925666429818014,0.21417839466761135,-0.44178748559136566,0.863042496979076,-0.24491113895243766,-0.3054801140755571,0.1119631663975254,0.9455930146075661
0,arm_L_arm_ik_ctrl,12,-9.64982,13.60303,47.0264,-0.3058414880223306,0.6644481843178964,-0.6818867901352377,0.5873165874222553,-0.4320290435137237,-0.6844049471616153,-0.749346522206491,-0.6098028500402963,-0.25810903459539936
0,arm_L_arm_ik_ctrl,12,-42.88925,-24.82793,-36.12725,0.28042942356209116,0.09503622364907786,-0.9551583400647011,-0.7731486436453305,-0.5673630331341828,-0.283443757140929,-0.5688589572381004,0.8179653445148534,-0.08562816092079961
0,arm_L_arm_ik_ctrl,12,32.38072,39.52092,-31.21316,0.15745374001390577,-0.9833451394110758,0.09077806206482712,0.6829983007208015,0.04204471856239545,-0.7292088609263516,0.7132472509362595,0.17681792453713854,0.6782431574253052
0,arm_L_arm_ik_ctrl,12,20.65737,34.59813,45.07857,-0.13103224315900627,0.29995306154614704,0.9449120128995144,-0.5785236891649763,-0.7971467742844847,0.17282176171647656,0.8050719795941632,-0.5240087605345296,0.2779818817034684
0,arm_L_arm_ik_ctrl,12,47.76533,-10.85495,-35.38186,0.27341958930708443,0.1573591558107054,-0.9489361539459265,0.9524137253644239,0.09388273378369959,0.28998987574527146,0.13472128235956024,-0.9830687302421132,-0.1242016412917093
0,arm_L_arm_ik_ctrl,12,49.33677,-42.43328,-23.99896,-0.0831699821011853,-0.023655265712474286,-0.9962545771444972,0.9268000221286008,0.36556369579607295,-0.08605174779364634,0.3662300821337777,-0.9304856864670131,-0.008480225250423468
0,arm_L_arm_ik_ctrl,12,-29.68577,42.21645,-12.44808,-0.4674466479757706,-0.8526125455368518,0.23354973450934574,0.2713087100685283,0.11307690531646664,0.9558269703900399,-0.8413591475328281,0.5101621905602383,0.1784637895641915
0,arm_L_arm_ik_ctrl,12,8.08863,3.93865,39.36275,0.3812625234016095,-0.13920461854806468,-0.9139261252553871,0.6221548938409169,-0.6925839796177612,0.3650352301444653,-0.6837851828748813,-0.7077778644120719,-0.17744948106166003
0,arm_L_arm_ik_ctrl,12,-1.22205,38.89472,-25.25361,0.05414963031912845,-0.3956306023778075,0.9168120003569297,0.8896303395966932,-0.39784505161161116,-0.22422572059696047,0.45345967450852087,0.8277655111022251,0.3304218246791502
0,arm_L_arm_ik_ctrl,12,11.16434,-27.51996,-48.35787,0.1050518499415678,0.41791559292549696,0.9023916367152262,-0.6534383918013269,0.7130390572101226,-0.25415265297256895,-0.7496548385383436,-0.5629581335078389,0.3479881649904494
0,arm_L_arm_ik_ctrl,12,18.42523,49.54905,43.43612,0.3977821443512061,0.8541419353181621,0.3349789843651397,0.2264361765413721,0.2624172343618232,-0.9380105825966019,-0.8890984330144106,0.4489752214107548,-0.08902374385793353
0,arm_L_arm_ik_ctrl,12,-10.54801,17.25374,-25.56783,-0.3690766501585223,-0.7872857488011666,-0.49392669095965075,-0.07936809193351375,-0.5028073211282854,0.8607470614545434,-0.9260038511208242,0.35688366109193614,0.12308907406841152
0,arm_L_arm_ik_ctrl,12,-37.7463,-15.68178,-32.55995,0.6309493922266727,0.061891256249358755,-0.7733513670051075,0.18565728114330962,0.9558052881003263,0.22796408751802572,0.7532823098993275,-0.28741211463563643,0.5915742032521409
0,arm_L_arm_ik_ctrl,12,1.82101,5.03331,-27.04391,0.8371548311787129,-0.07053887862584712,-0.5423984284973076,0.5290544996664631,-0.1472672589327935,0.835711487792941,-0.13882768101790557,-0.9865782386859293,-0.0859665861516037
0,arm_L_arm_ik_ctrl,12,-44.62958,40.2943,-29.53772,0.8937944395586915,0.4484717268293122,0.002147102396092171,-0.14118865343496984,0.28592358551788155,-0.947794000501068,-0.4256727192987408,0.8468298609988513,0.31887603008925286
0,arm_L_arm_ik_ctrl,12,4.14207,-4.28954,8.43193,-0.057492116976205265,0.07267361736627749,-0.9956973444900284,0.7650522963609854,0.6439619502938757,0.0028267307072515906,0.6413966326060482,-0.76159802515015,-0.09262185362545085
0,arm_L_arm_ik_ctrl,12,-40.46651,-19.89635,44.36566,-0.015375101431617022,-0.9046076521988436,-0.4259678413205197,0.9889836598507975,0.04896908093291085,-0.13969019171261812,0.14722407005679974,-0.42342298555449487,0.8938892820142932
0,arm_L_arm_ik_ctrl,12,-48.3175,46.18266,39.1569,0.09316800019923599,-0.43086846067683804,0.8975923870738027,-0.020984347865343173,-0.902163114720631,-0.43088440628808533,0.9954292445390287,0.021309247559255534,-0.09309422691508273
0,arm_L_arm_ik_ctrl,12,-32.12856,10.32467,-7.19793,-0.1924302421432455,-0.31357641970123107,0.9298604362569948,-0.315457508634583,0.9170412873835836,0.24397097671633255,-0.9292239569418952,-0.2463840624740501,-0.2753865131120793
0,arm_L_arm_ik_ctrl,12,-27.11711,-41.21137,-7.5426,0.2570474524738239,0.3455595898030389,-0.9025049457326386,0.8003153018541732,0.4473421143822429,0.3992248117515844,0.541684432852543,-0.8249082388939875,-0.1615684765356138
0,arm_L_arm_ik_ctrl,12,24.55596,1.70362,-12.03748,0.013051179265498036,0.26876584718582086,0.963117119620593,-0.35038490672331535,0.9033564156283658,-0.24734106711899834,-0.9365148604588573,-0.33423360951520004,0.10596136281762025
0,arm_L_arm_ik_ctrl,12,-24.44725,12.47212,5.52941,0.27724069033141063,-0.21077336130465535,-0.9373964955070506,-0.751566756790024,0.5602402528517041,-0.34825029673035945,0.5985691352823729,0.8010651966282119,-0.0030888571214213734
0,arm_L_arm_ik_ctrl,12,28.74014,40.99069,8.65767,0.26165927095995095,-0.392288274857415,0.8818414456862984,0.9363577509351976,-0.11836531545968665,-0.33049026363829187,0.23402689628392243,0.9121949142072228,0.33635078461361134
0,arm_L_arm_ik_ctrl,12,28.15583,6.18261,48.27436,-0.158134584370325,0.9163549978275242,-0.3678137724209665,0.09153300543541246,-0.35729280175638317,-0.9294964027520679,-0.9831658873974345,-0.18065262735313836,-0.027376378292659702
