No.,jointName,dimension,translateX,translateY,translateZ,rotMtx_00,rotMtx_01,rotMtx_02,rotMtx_10,rotMtx_11,rotMtx_12,rotMtx_20,rotMtx_21,rotMtx_22
0,leg_L_ankle_irm_bind,9,n/a,n/a,n/a,0.976061127979495,-0.17917200988277013,0.12329665576147812,0.16517894069240627,0.9794532197937224,0.11570353403178668,-0.14149414121839266,-0.09256771094868237,0.9856016573091742
1,leg_L_femur_irm_bind,9,n/a,n/a,n/a,0.7271918049132795,0.68639917219217,-0.006946602109717261,-0.6529769440228995,0.6885915687178911,-0.3153771742931772,-0.2116912597191533,0.23387566761965167,0.9489409795419208
2,leg_L_knee_irm_bind,9,n/a,n/a,n/a,0.9878240018759594,-0.15557551644704418,-0.0,0.15557551644704418,0.9878240018759594,0.0,0.0,-0.0,1.0
3,leg_R_ankle_irm_bind,9,n/a,n/a,n/a,0.9790242351808588,0.20360711092607514,-0.007462660977908088,-0.20317519072367737,0.9729021180178014,-0.11036897494709985,-0.015211469453395791,0.10957012885277242,0.9938626655933179
4,leg_R_femur_irm_bind,9,n/a,n/a,n/a,0.9715965357146721,0.22346458332064806,-0.07787009559886753,-0.2355167686733817,0.8810449562004524,-0.41023363687951253,-0.023065633763165026,0.41692129371749775,0.9086498838298673
5,leg_R_knee_irm_bind,9,n/a,n/a,n/a,0.936295945704433,-0.351212047141668,-0.0,0.351212047141668,0.936295945704433,0.0,0.0,-0.0,1.0
6,spine_C_spine_01_irm_bind,12,64.22551497046595,-4.613046570554161,-98.86471309914339,0.9037656451688136,-0.40646078928993795,-0.13415396148604267,0.4036562686327147,0.9136122387299339,-0.04872672815192937,0.14237020547190224,-0.010114544610559066,0.9897617999201673
0,leg_L_ankle_irm_bind,9,n/a,n/a,n/a,0.97865297320068,-0.16276073953228493,0.12548824531553884,0.14833075496276976,0.9820060482652363,0.11688502172078863,-0.1422545084615736,-0.0957761078630687,0.9851855622089465
1,leg_L_femur_irm_bind,9,n/a,n/a,n/a,0.7136027958260968,0.7004245220845244,-0.013286784857262405,-0.6672330648365702,0.6737628819147645,-0.31755883886723796,-0.21347385549049108,0.2354762574370853,0.9481454768153716
2,leg_L_knee_irm_bind,9,n/a,n/a,n/a,0.9813107976797548,-0.1924295152961816,-0.0,0.1924295152961816,0.9813107976797548,0.0,0.0,-0.0,1.0
3,leg_R_ankle_irm_bind,9,n/a,n/a,n/a,0.9772755989662865,0.21186464564026367,-0.006765766239795585,-0.21128242556017493,0.9710234214806105,-0.11168371226592431,-0.01709211263990491,0.11057525430137671,0.9937207720590782
4,leg_R_femur_irm_bind,9,n/a,n/a,n/a,0.9646158749014375,0.24779420802736654,-0.09007910055181807,-0.26274888604307733,0.8750751349459668,-0.40645606291753117,-0.02189147713737757,0.41574215406594056,0.9092190190275143
5,leg_R_knee_irm_bind,9,n/a,n/a,n/a,0.9158454257075507,-0.4015310152535608,-0.0,0.4015310152535608,0.9158454257075507,0.0,0.0,-0.0,1.0
6,spine_C_spine_01_irm_bind,12,64.22551497458609,-5.121899773628115,-98.89707035817344,0.903765452025658,-0.4064612187435112,-0.13415396148603825,0.40365670276521676,0.9136120469194355,-0.04872672815193172,0.14237020066562853,-0.010114612262384168,0.9897617999201678
0,leg_L_ankle_irm_bind,9,n/a,n/a,n/a,0.982990609917782,-0.12825526003924298,0.13145360050501886,0.11263314116663914,0.9863518264349965,0.12009933388359151,-0.1450628702473616,-0.10325048552240616,0.9840203762702194
1,leg_L_femur_irm_bind,9,n/a,n/a,n/a,0.6839425852497992,0.7290366790924832,-0.02698259845946764,-0.6961020489012326,0.6410832854864804,-0.32319368586865366,-0.21832195857798448,0.23982856712173314,0.9459480856764864
2,leg_L_knee_irm_bind,9,n/a,n/a,n/a,0.9630848550113198,-0.2691979978525567,-0.0,0.2691979978525567,0.9630848550113198,0.0,0.0,-0.0,1.0
3,leg_R_ankle_irm_bind,9,n/a,n/a,n/a,0.9721000644027211,0.23444828086200717,-0.007447710324313384,-0.23374899016545628,0.9655748862173121,-0.11413390689472666,-0.01956717621055466,0.11269047301025106,0.9934374579750207
4,leg_R_femur_irm_bind,9,n/a,n/a,n/a,0.9540551363830548,0.2800192609775514,-0.1066208714215764,-0.2989881173421308,0.8663964245990676,-0.3999541737876483,-0.019618930381613758,0.41345670743566143,0.9103123906918675
5,leg_R_knee_irm_bind,9,n/a,n/a,n/a,0.8824752081093011,-0.47035891303604066,-0.0,0.47035891303604066,0.8824752081093011,0.0,0.0,-0.0,1.0
6,spine_C_spine_01_irm_bind,12,64.22551497676739,-6.335318898720118,-99.00195008421503,0.9037653497732059,-0.4064614461014947,-0.13415396148603537,0.40365693260028207,0.9136119453725077,-0.048726728151940395,0.14237019812111734,-0.010114648078087079,0.9897617999201678
0,leg_L_ankle_irm_bind,9,n/a,n/a,n/a,0.9857468346485355,-0.09288528520050775,0.14026939000941419,0.07545518429285124,0.9893028721555676,0.12484527347111171,-0.1503651992441225,-0.11248178047117299,0.9822108510489539
1,leg_L_femur_irm_bind,9,n/a,n/a,n/a,0.6521453719932477,0.7569435457417188,-0.04174784243218622,-0.7237862596398065,0.6053084829086175,-0.3312628727694765,-0.2254769703193808,0.24624806411182631,0.9426144634880005
2,leg_L_knee_irm_bind,9,n/a,n/a,n/a,0.9380488674171473,-0.34650299037296517,-0.0,0.34650299037296517,0.9380488674171473,0.0,0.0,-0.0,1.0
3,leg_R_ankle_irm_bind,9,n/a,n/a,n/a,0.9657667967908918,0.25924836798469586,-0.00920749224990149,-0.25850838807193965,0.9588373166838937,-0.11749218455232645,-0.021631169933864023,0.11585026470277153,0.9930311216953828
4,leg_R_femur_irm_bind,9,n/a,n/a,n/a,0.9425676331470028,0.3106496762859853,-0.12273155896944128,-0.3336071288775255,0.8573989849221727,-0.3918842484924879,-0.016508800857453244,0.4103215315796142,0.9117914784732355
5,leg_R_knee_irm_bind,9,n/a,n/a,n/a,0.8445467281354722,-0.535481861500153,-0.0,0.535481861500153,0.8445467281354722,0.0,0.0,-0.0,1.0
6,spine_C_spine_01_irm_bind,12,64.22551497991806,-7.783593342030997,-99.19106420069582,0.9037652020749827,-0.4064617745077256,-0.13415396148603556,0.40365726458452494,0.9136117986933756,-0.04872672815194442,0.14237019444569368,-0.010114699811936027,0.9897617999201676
0,leg_L_ankle_irm_bind,9,n/a,n/a,n/a,0.9863260428519804,-0.06648626831471033,0.1507995799647252,0.046803664311091585,0.9903419721282825,0.1305074528451111,-0.15802010694531204,-0.12166492660848724,0.979911879423014
1,leg_L_femur_irm_bind,9,n/a,n/a,n/a,0.6280006399110778,0.7763751968741905,-0.053448572944829645,-0.7421962490266802,0.5768693541339225,-0.3411253086357521,-0.23400838489678727,0.25389624246859765,0.9384970824985681
2,leg_L_knee_irm_bind,9,n/a,n/a,n/a,0.9153262861346056,-0.4027130366787621,-0.0,0.4027130366787621,0.9153262861346056,0.0,0.0,-0.0,1.0
3,leg_R_ankle_irm_bind,9,n/a,n/a,n/a,0.9605452046825325,0.277873570522814,-0.011797820404403563,-0.2772124692810484,0.9531042692645116,-0.12143104539146937,-0.02249792515979249,0.11991051127680188,0.9925297540370467
4,leg_R_femur_irm_bind,9,n/a,n/a,n/a,0.933023863866372,0.3334191049507297,-0.13527072820725092,-0.35958391403690726,0.8505679692191932,-0.38371022726041043,-0.012879371947564267,0.4066519767469378,0.9134923598947308
5,leg_R_knee_irm_bind,9,n/a,n/a,n/a,0.8125280245311385,-0.5829221297493565,-0.0,0.5829221297493565,0.8125280245311385,0.0,0.0,-0.0,1.0
6,spine_C_spine_01_irm_bind,12,64.22551498694662,-8.99701249976198,-99.47612463104348,0.903764872593332,-0.4064625071073106,-0.1341539614860394,0.40365800516584727,0.9136114714850818,-0.04872672815193235,0.14237018624658423,-0.010114815218429473,0.9897617999201677
0,leg_L_ankle_irm_bind,9,n/a,n/a,n/a,0.9852896990711812,-0.05572980483382802,0.1615499853215848,0.033656984365199615,0.9900983974482529,0.1362804856677659,-0.16754526644361378,-0.1288384733827007,0.9774094492426159
1,leg_L_femur_irm_bind,9,n/a,n/a,n/a,0.6194653083061015,0.782851997605531,-0.05835650478101374,-0.7465646440276609,0.5645044607511714,-0.3521021813052017,-0.24270138873331265,0.2616819895160137,0.9341405527381104
2,leg_L_knee_irm_bind,9,n/a,n/a,n/a,0.9056052815910218,-0.4241215320570816,-0.0,0.4241215320570816,0.9056052815910218,0.0,0.0,-0.0,1.0
3,leg_R_ankle_irm_bind,9,n/a,n/a,n/a,0.9586185287698868,0.28429321622177856,-0.015095810986318138,-0.2838948067167765,0.9506139859374991,-0.12544635689913153,-0.021313259213496225,0.1245408244323814,0.991985548297656
4,leg_R_femur_irm_bind,9,n/a,n/a,n/a,0.928649386158343,0.34285633704965923,-0.1416327989295671,-0.3708455415665524,0.8486094652504466,-0.37727385250976697,-0.00915979737456815,0.4028790235694103,0.9152074029856921
5,leg_R_knee_irm_bind,9,n/a,n/a,n/a,0.7985905283742525,-0.6018747112073511,-0.0,0.6018747112073511,0.7985905283742525,0.0,0.0,-0.0,1.0
6,spine_C_spine_01_irm_bind,12,64.2255150007613,-9.505865768113495,-99.86884329868556,0.9037642249874251,-0.4064639470487899,-0.13415396148603775,0.4036594607956264,0.9136108283474925,-0.04872672815193279,0.14237017013076458,-0.010115042052646756,0.9897617999201679
0,leg_L_ankle_irm_bind,9,n/a,n/a,n/a,0.9895331887365882,-0.027648114545031556,0.14163209435330834,0.009514550108207113,0.9918387808789759,0.12714285697885333,-0.1439914640700553,-0.12446451103270985,0.9817204509270193
1,leg_L_femur_irm_bind,9,n/a,n/a,n/a,0.6297218783498155,0.7750848591728384,-0.05190199426420282,-0.742789410055709,0.5812302592575281,-0.3323180374769303,-0.22740766969623522,0.2478201904697189,0.9417382359015058
2,leg_L_knee_irm_bind,9,n/a,n/a,n/a,0.897177215258256,-0.4416707420935203,-0.0,0.4416707420935203,0.897177215258256,0.0,0.0,-0.0,1.0
3,leg_R_ankle_irm_bind,9,n/a,n/a,n/a,0.9259797884356562,0.3766464193645416,-0.026436833935386265,-0.37701697720151517,0.9185479744349941,-0.11886049622646519,-0.020484880045767356,0.12002955236623711,0.9925589535379101
4,leg_R_femur_irm_bind,9,n/a,n/a,n/a,0.8780360514411437,0.43992099941046875,-0.18847335792450737,-0.47858483202674923,0.8095715127824312,-0.33992723375024536,0.0030415330958840905,0.3886688564431939,0.9213724920506182
5,leg_R_knee_irm_bind,9,n/a,n/a,n/a,0.6108435806008121,-0.7917512993603352,-0.0,0.7917512993603352,0.6108435806008121,0.0,0.0,-0.0,1.0
6,spine_C_spine_01_irm_bind,12,67.14560940787419,-9.087444257643085,-100.52117226849731,0.9037625258085644,-0.40646770225721124,-0.13415403074774515,0.4036632531832138,0.913609151102578,-0.048726759087502736,0.14237020395317448,-0.010115633611888787,0.9897617890093361
0,leg_L_ankle_irm_bind,9,n/a,n/a,n/a,0.9917474402519313,-0.018366246706893064,0.12688457642930262,0.0026558377702225744,0.9924165479271151,0.12289158606742116,-0.12817941051307835,-0.12154043106032521,0.9842753488420758
1,leg_L_femur_irm_bind,9,n/a,n/a,n/a,0.6477853647457742,0.7606210828429819,-0.04277487061293744,-0.7301107902449147,0.6038096135968131,-0.31992527955135586,-0.21751403446474465,0.23847330849140463,0.946476690652249
2,leg_L_knee_irm_bind,9,n/a,n/a,n/a,0.896632395555118,-0.4427757301852604,-0.0,0.4427757301852604,0.896632395555118,0.0,0.0,-0.0,1.0
3,leg_R_ankle_irm_bind,9,n/a,n/a,n/a,0.9195616938217619,0.39169657191091073,-0.03130633815847705,-0.3929190422737581,0.9156492159055726,-0.08485952881193053,-0.004573562541924128,0.09033442845754265,0.9959009858218457
4,leg_R_femur_irm_bind,9,n/a,n/a,n/a,0.778661359026259,0.5783365723897661,-0.24333782483583682,-0.6273856583817943,0.722958267678074,-0.2893416300029437,0.008586245758296876,0.3779658082847904,0.9257797384645028
5,leg_R_knee_irm_bind,9,n/a,n/a,n/a,0.3536314362656984,-0.9353848444809545,-0.0,0.9353848444809545,0.3536314362656984,0.0,0.0,-0.0,1.0
6,spine_C_spine_01_irm_bind,12,70.06571023662403,-8.030387429742234,-101.42530161740979,0.9037596647470697,-0.40647391708178915,-0.1341544747984601,0.4036695117779885,0.9136063752409638,-0.04872695742591996,0.14237062069536768,-0.010116612637332698,0.9897617190574517
0,leg_L_ankle_irm_bind,9,n/a,n/a,n/a,0.9933956472944342,-0.02076214040481979,0.1128451215705965,0.007126838586176643,0.9927583721085195,0.11991673269485391,-0.11451766723191115,-0.1183205313301669,0.98634981409108
1,leg_L_femur_irm_bind,9,n/a,n/a,n/a,0.6692822896384849,0.7422974322661668,-0.03249213485326492,-0.7130307321493724,0.6293686075827799,-0.3090021533902997,-0.20892197535634446,0.2299775594278018,0.9505061443109323
2,leg_L_knee_irm_bind,9,n/a,n/a,n/a,0.9006307705657538,-0.4345851068664646,-0.0,0.4345851068664646,0.9006307705657538,0.0,0.0,-0.0,1.0
3,leg_R_ankle_irm_bind,9,n/a,n/a,n/a,0.9603613941062,0.2771220408636638,-0.030155715510553894,-0.27804054375634835,0.9600245517758162,-0.0323468084255185,0.01998621370019289,0.03944913757233329,0.999021679848205
4,leg_R_femur_irm_bind,9,n/a,n/a,n/a,0.6687928533185491,0.688125124233763,-0.2814248261051277,-0.7434477414001472,0.6196628418447971,-0.2516017055662577,0.001255052609773516,0.3774940739072574,0.9260111495051497
5,leg_R_knee_irm_bind,9,n/a,n/a,n/a,0.21469013469814657,-0.9766822134467751,-0.0,0.9766822134467751,0.21469013469814657,0.0,0.0,-0.0,1.0
6,spine_C_spine_01_irm_bind,12,72.98581659640418,-6.632007206863079,-102.3533000874042,0.9037564356322946,-0.4064806992570721,-0.1341556789133129,0.40367630292502915,0.9136033459121292,-0.048727495266452724,0.14237186347726935,-0.010117681040824628,0.9897615293697598
0,leg_L_ankle_irm_bind,9,n/a,n/a,n/a,0.9949894561380996,-0.027474202626325175,0.09613090223261332,0.016302037781486704,0.9932167391016199,0.11512928703208297,-0.09864190660251664,-0.11298529708945493,0.9886880685552082
1,leg_L_femur_irm_bind,9,n/a,n/a,n/a,0.6903640318490929,0.7231053491840537,-0.022719100124619713,-0.6957486746333897,0.6549824549214858,-0.29484193306059,-0.19832116698664887,0.21935504946645673,0.9552759166851335
2,leg_L_knee_irm_bind,9,n/a,n/a,n/a,0.9055536325829803,-0.4242317980960041,-0.0,0.4242317980960041,0.9055536325829803,0.0,0.0,-0.0,1.0
3,leg_R_ankle_irm_bind,9,n/a,n/a,n/a,0.9905547098046741,0.1333345250960171,-0.031988612054878414,-0.13278962251563134,0.990969650095977,0.01860292291047226,0.034180155586744455,-0.014179457185535293,0.999315095431861
4,leg_R_femur_irm_bind,9,n/a,n/a,n/a,0.5526164533830051,0.7732914498636173,-0.31086233129508273,-0.8333432489862976,0.5071251876996871,-0.21991605982628654,-0.012413090644581959,0.38058425817206626,0.9246629318904632
5,leg_R_knee_irm_bind,9,n/a,n/a,n/a,0.12965578199067096,-0.9915590644013031,-0.0,0.9915590644013031,0.12965578199067096,0.0,0.0,-0.0,1.0
6,spine_C_spine_01_irm_bind,12,75.90592759663032,-5.189615511457305,-103.07723644779465,0.9037536330333317,-0.40648615639335994,-0.13415802413425362,0.4036816930699435,0.9136009083809072,-0.048728542824150435,0.1423743707948799,-0.010118540711687593,0.9897611599141621
0,leg_L_ankle_irm_bind,9,n/a,n/a,n/a,0.9967767003642493,-0.030569087271358344,0.07417371848812628,0.02262001813303147,0.9941370397355928,0.10573495640238187,-0.07697106203386476,-0.10371633009872817,0.9916241114859151
1,leg_L_femur_irm_bind,9,n/a,n/a,n/a,0.7075930589898493,0.706454159709712,-0.015316105844253938,-0.6825320576527938,0.6777000529413487,-0.2736286324921729,-0.1829263598982694,0.20407145432945248,0.9617134648023968
2,leg_L_knee_irm_bind,9,n/a,n/a,n/a,0.9076976660619004,-0.4196247693187079,-0.0,0.4196247693187079,0.9076976660619004,0.0,0.0,-0.0,1.0
3,leg_R_ankle_irm_bind,9,n/a,n/a,n/a,0.9986390616879558,0.03551999576083094,-0.03818840625307188,-0.033701061377392025,0.998313793632624,0.047263177050173,0.03980280056775355,-0.045911864958736934,0.9981522117006877
4,leg_R_femur_irm_bind,9,n/a,n/a,n/a,0.46187365789826174,0.8244529680699763,-0.3270321506829048,-0.8865490117180167,0.41811191114737745,-0.19802343189252997,-0.02652496864253273,0.3813918368257169,0.9240328418628952
5,leg_R_knee_irm_bind,9,n/a,n/a,n/a,0.08585462288716228,-0.9963076752333603,-0.0,0.9963076752333603,0.08585462288716228,0.0,0.0,-0.0,1.0
6,spine_C_spine_01_irm_bind,12,78.82604234676634,-4.0005242659771625,-103.36917946789494,0.903752051608563,-0.40648839599665776,-0.13416189150939103,0.40368374854923283,0.9135999080089647,-0.04873027029733065,0.14237858115093383,-0.010118893520314054,0.989760550650192
0,leg_L_ankle_irm_bind,9,n/a,n/a,n/a,0.9983114012350056,-0.03086907370174972,0.04920819497802807,0.026194479099648407,0.9953249901489992,0.09296242923672103,-0.05184781026135786,-0.09151646995863766,0.9944528849057717
1,leg_L_femur_irm_bind,9,n/a,n/a,n/a,0.7219115113156455,0.6919126519018842,-0.01003254544282189,-0.6721410372169357,0.6976880896057954,-0.2479067480145649,-0.1645302279792441,0.18571002062440586,0.9687319507070987
2,leg_L_knee_irm_bind,9,n/a,n/a,n/a,0.9075245709900536,-0.41999899172416977,-0.0,0.41999899172416977,0.9075245709900536,0.0,0.0,-0.0,1.0
3,leg_R_ankle_irm_bind,9,n/a,n/a,n/a,0.9983276622928783,0.03138206158271652,-0.048549406913528076,-0.02903146570821621,0.9984066821929009,0.0483866815497464,0.04999052609914609,-0.04689630223570394,0.9976480762959191
4,leg_R_femur_irm_bind,9,n/a,n/a,n/a,0.4193532688272368,0.8469467433853357,-0.3268394862816999,-0.907110329475386,0.37666111414970005,-0.1878224034735042,-0.035967847905710254,0.37524341294216074,0.9262282088991626
5,leg_R_knee_irm_bind,9,n/a,n/a,n/a,0.08226221305102498,-0.9966107205443595,-0.0,0.9966107205443595,0.08226221305102498,0.0,0.0,-0.0,1.0
6,spine_C_spine_01_irm_bind,12,81.74615998356546,-3.021956232789279,-103.33051392747251,0.9037512554258281,-0.4064883645292377,-0.13416735004681687,0.4036834224073876,0.913599922064681,-0.04873270849098751,0.14238455951997828,-0.010118888563198142,0.9897596906848386
0,leg_L_ankle_irm_bind,9,n/a,n/a,n/a,0.999124586623576,-0.033478767104247756,0.02508450831584623,0.03138463572416528,0.9963266446107445,0.07967572954894378,-0.02765980919546752,-0.07881871219370769,0.9965051658488258
1,leg_L_femur_irm_bind,9,n/a,n/a,n/a,0.7359859112277594,0.6769740024315057,-0.005562239307360481,-0.6609218310080268,0.7167061836120625,-0.22251871757052238,-0.14665289554332697,0.16744684650389882,0.9749125508601566
2,leg_L_knee_irm_bind,9,n/a,n/a,n/a,0.9075366558000092,-0.4199728781473105,-0.0,0.4199728781473105,0.9075366558000092,0.0,0.0,-0.0,1.0
3,leg_R_ankle_irm_bind,9,n/a,n/a,n/a,0.994694328289018,0.08067912313804129,-0.06382846041802753,-0.07812733015046351,0.9960785623770991,0.04151647692581735,0.06692767404608811,-0.036309456928577385,0.9970969410164352
4,leg_R_femur_irm_bind,9,n/a,n/a,n/a,0.4158532800240548,0.8529806938240303,-0.3154203313940156,-0.9084068829959223,0.37313962479735713,-0.1885835500029617,-0.043162303215504016,0.3649530879024907,0.9300248702113131
5,leg_R_knee_irm_bind,9,n/a,n/a,n/a,0.12283004699700761,-0.9924277200656544,-0.0,0.9924277200656544,0.12283004699700761,0.0,0.0,-0.0,1.0
6,spine_C_spine_01_irm_bind,12,84.66627965529204,-2.055703520557273,-103.21822915468262,0.9037503058210379,-0.4064882054722758,-0.13417422830152362,0.40368289071156427,0.9135999931114615,-0.0487357808339295,0.14239209414548176,-0.010118863506661574,0.9897586069977858
0,leg_L_ankle_irm_bind,9,n/a,n/a,n/a,0.9993318599887538,-0.0364978288084055,0.0019344517802493048,0.036291519687678846,0.9971714648275897,0.0658178952288655,-0.00433119038794224,-0.0657037154647393,0.9978297763466232
1,leg_L_femur_irm_bind,9,n/a,n/a,n/a,0.7493431518375991,0.6621788388463553,-0.00200653387337836,-0.6494355010928315,0.7343239447836619,-0.19748892130361073,-0.12929953872460304,0.1492900850741725,0.9803030652732609
2,leg_L_knee_irm_bind,9,n/a,n/a,n/a,0.9070972750352732,-0.4209210539086659,-0.0,0.4209210539086659,0.9070972750352732,0.0,0.0,-0.0,1.0
3,leg_R_ankle_irm_bind,9,n/a,n/a,n/a,0.9862342389194659,0.14289609745711135,-0.08320295255860514,-0.14026979399650932,0.9894355619140023,0.036628591456663834,0.08755804289223572,-0.024453510002658035,0.9958592345173244
4,leg_R_femur_irm_bind,9,n/a,n/a,n/a,0.4302114062095796,0.851848448811711,-0.29878481591984857,-0.9013144390305372,0.38681182641418566,-0.19495869547468303,-0.050501761971680534,0.35317252328458926,0.9341941665599031
5,leg_R_knee_irm_bind,9,n/a,n/a,n/a,0.18799249987794875,-0.9821704638145251,-0.0,0.9821704638145251,0.18799249987794875,0.0,0.0,-0.0,1.0
6,spine_C_spine_01_irm_bind,12,87.58640048876936,-1.1659320711787018,-103.0378007414207,0.9037492433553875,-0.406487821843958,-0.13418254665610957,0.4036820543094902,0.9136001644685295,-0.04873949642277397,0.14240120843249263,-0.010118803073012718,0.9897572963415503
0,leg_L_ankle_irm_bind,9,n/a,n/a,n/a,0.9990754240419223,-0.03797213124086739,-0.02015972034725704,0.03896603855217509,0.9979155785883027,0.05144070227284545,0.018164385896684513,-0.05217868587650962,0.9984725533659884
1,leg_L_femur_irm_bind,9,n/a,n/a,n/a,0.7615764147013308,0.6480748364038376,0.0006090901459672934,-0.6382391192821826,0.7501805641649233,-0.1728581724047242,-0.112481959391587,0.13125596203348874,0.9849465372506737
2,leg_L_knee_irm_bind,9,n/a,n/a,n/a,0.9055624186217566,-0.4242130431515686,-0.0,0.4242130431515686,0.9055624186217566,0.0,0.0,-0.0,1.0
3,leg_R_ankle_irm_bind,9,n/a,n/a,n/a,0.9776474403552092,0.18309062575799778,-0.10336007510858529,-0.18005517812022415,0.9829202513968422,0.03805144183947341,0.10856157330751037,-0.018590377981990223,0.993915883084421
4,leg_R_femur_irm_bind,9,n/a,n/a,n/a,0.4406973767027214,0.852198015450077,-0.28203610518919336,-0.8957360305992227,0.39694836390742444,-0.2002222761771696,-0.058675255889408626,0.34086733321655943,0.9382785703042266
5,leg_R_knee_irm_bind,9,n/a,n/a,n/a,0.2528225824298834,-0.9675126571851579,-0.0,0.9675126571851579,0.2528225824298834,0.0,0.0,-0.0,1.0
6,spine_C_spine_01_irm_bind,12,90.50652161086956,-0.4168078265506381,-102.79470427958219,0.903748108581824,-0.4064871166632005,-0.13419232549446863,0.4036808140462432,0.9136004794544264,-0.048743864348290235,0.14241192578480963,-0.010118691984629221,0.9897557554602963
0,leg_L_ankle_irm_bind,9,n/a,n/a,n/a,0.9985062607775931,-0.03592200715638427,-0.04116863599642301,0.03743932265772226,0.9986248469718987,0.03669757661321705,0.03979377221224778,-0.03818408585011101,0.9984780574859475
1,leg_L_femur_irm_bind,9,n/a,n/a,n/a,0.7723573633163766,0.6351839630659768,0.0023316077659049353,-0.6278578639842654,0.7639949058700596,-0.1486818295479122,-0.09622165018378138,0.11337158757113024,0.9888823373726076
2,leg_L_knee_irm_bind,9,n/a,n/a,n/a,0.9022766562492895,-0.4311575530912122,-0.0,0.4311575530912122,0.9022766562492895,0.0,0.0,-0.0,1.0
3,leg_R_ankle_irm_bind,9,n/a,n/a,n/a,0.9773781051053195,0.1739516114720923,-0.12030326897884917,-0.16977764659629216,0.9844909024074205,0.04419517839365843,0.12612529634042335,-0.022770593828115703,0.9917529479057551
4,leg_R_femur_irm_bind,9,n/a,n/a,n/a,0.42592552974485715,0.8634978630698321,-0.2701090216660596,-0.9022633288323285,0.38322528053710936,-0.1976341817643355,-0.0671440880194787,0.32788690859972863,0.9423278869973792
5,leg_R_knee_irm_bind,9,n/a,n/a,n/a,0.28655099138827433,-0.9580649922288138,-0.0,0.9580649922288138,0.28655099138827433,0.0,0.0,-0.0,1.0
6,spine_C_spine_01_irm_bind,12,93.42664214851588,0.12750327142941842,-102.49441536106242,0.9037469420440163,-0.40648599295040344,-0.13420358520253395,0.40367907076489157,0.9136009813863177,-0.04874889369360981,0.142424269604878,-0.010118514964247155,0.9897539810894601
0,leg_L_ankle_irm_bind,9,n/a,n/a,n/a,0.9976234861583546,-0.030470563903200708,-0.06179744817281838,0.03183283595773909,0.9992687606854297,0.021180521076999078,0.0611068770281945,-0.023097373305778535,0.9978639491064073
1,leg_L_femur_irm_bind,9,n/a,n/a,n/a,0.7817621093865923,0.6235685448416433,0.0032053410896870837,-0.6184352033512632,0.7759647280252744,-0.12416376329889328,-0.07991184882924042,0.09508422973730957,0.9922565624232249
2,leg_L_knee_irm_bind,9,n/a,n/a,n/a,0.897193332718844,-0.44163800077082777,-0.0,0.44163800077082777,0.897193332718844,0.0,0.0,-0.0,1.0
3,leg_R_ankle_irm_bind,9,n/a,n/a,n/a,0.9804703039009978,0.14502632955604974,-0.13283578924290404,-0.13950540955194543,0.9889573399028672,0.05001620295453138,0.1386225951063864,-0.030508090529316127,0.9898752611002186
4,leg_R_femur_irm_bind,9,n/a,n/a,n/a,0.39471358245482374,0.8807477104947691,-0.26169573608276725,-0.9155791155046795,0.35319324638636795,-0.1922743195508101,-0.07691600013877284,0.31549643605796995,0.9458043813375848
5,leg_R_knee_irm_bind,9,n/a,n/a,n/a,0.29947968331061403,-0.9541026775374727,-0.0,0.9541026775374727,0.29947968331061403,0.0,0.0,-0.0,1.0
6,spine_C_spine_01_irm_bind,12,96.34676122816887,0.4695228882610536,-102.09191630964862,0.9037458532051884,-0.40648431619913467,-0.13421599568809928,0.40367670627663066,0.913601730342279,-0.04875443698007647,0.14243787987777953,-0.01011825082291258,0.9897520251942946
0,leg_L_ankle_irm_bind,9,n/a,n/a,n/a,0.9963418108668917,-0.023465649280362613,-0.08217274014132693,0.02394623166721557,0.9997013973268631,0.004867665935237558,0.08203398019981152,-0.00681758656476379,0.9966062144126981
1,leg_L_femur_irm_bind,9,n/a,n/a,n/a,0.790584187454834,0.6123435760006422,0.0034622936220289166,-0.6090543344636352,0.7868984926773336,-0.09921481690351665,-0.06347802940732925,0.07632894046746436,0.9950600145868973
2,leg_L_knee_irm_bind,9,n/a,n/a,n/a,0.8912498838442211,-0.45351256272308726,-0.0,0.45351256272308726,0.8912498838442211,0.0,0.0,-0.0,1.0
3,leg_R_ankle_irm_bind,9,n/a,n/a,n/a,0.9800775072110413,0.13820898929000336,-0.14264065037157925,-0.1317790700199533,0.9898274844398004,0.05362674474786582,0.14860133432667286,-0.03376131405932312,0.9883207055957696
4,leg_R_femur_irm_bind,9,n/a,n/a,n/a,0.3710337126783701,0.8937410129524134,-0.2521130417548813,-0.9244308593139129,0.32973026002187705,-0.19158690449518131,-0.0880997752791973,0.3041462763091129,0.948542815166008
5,leg_R_knee_irm_bind,9,n/a,n/a,n/a,0.3217069144145337,-0.9468393006301966,-0.0,0.9468393006301966,0.3217069144145337,0.0,0.0,-0.0,1.0
6,spine_C_spine_01_irm_bind,12,99.26687797828774,0.6769774841086189,-101.58355673074331,0.9037448149499007,-0.4064821510707699,-0.13422954336527243,0.4036737866594017,0.9136026974364901,-0.04876048811106176,0.14245274098882632,-0.01011790974702355,0.9897498898646675
0,leg_L_ankle_irm_bind,9,n/a,n/a,n/a,0.9947120340821279,-0.015474911905749775,-0.10153076555263853,0.01438842133236058,0.9998312099161151,-0.011424754231037823,0.10169042523147416,0.009903473087075546,0.9947667961070351
1,leg_L_femur_irm_bind,9,n/a,n/a,n/a,0.7995368925748843,0.6006072896209734,0.003411900620791823,-0.5987189792471218,0.7974486800647868,-0.07490785374187403,-0.047711018653793916,0.057848822953258765,0.9971846230171921
2,leg_L_knee_irm_bind,9,n/a,n/a,n/a,0.8852641175563574,-0.46508863904331604,-0.0,0.46508863904331604,0.8852641175563574,0.0,0.0,-0.0,1.0
3,leg_R_ankle_irm_bind,9,n/a,n/a,n/a,0.9779236753711068,0.14440819717582043,-0.1510349553484078,-0.13745762401999173,0.988949000016053,0.055545269519802154,0.1573870602922768,-0.03355812801212595,0.986966648523078
4,leg_R_femur_irm_bind,9,n/a,n/a,n/a,0.3548914306845084,0.9032732821551238,-0.24114197098682896,-0.9296568920588874,0.3136594168957951,-0.19327657188598915,-0.09894511344231666,0.2927714944069857,0.9510492713779802
5,leg_R_knee_irm_bind,9,n/a,n/a,n/a,0.3519272381133153,-0.9360273602165344,-0.0,0.9360273602165344,0.3519272381133153,0.0,0.0,-0.0,1.0
6,spine_C_spine_01_irm_bind,12,102.18699152899892,0.7835083090714363,-101.03686313866561,0.9037436629224762,-0.4064796993369784,-0.13424472337632237,0.40367048914173836,0.9136037925406718,-0.04876726823773175,0.14246939293594046,-0.010117523522126753,0.9897474969881176
0,leg_L_ankle_irm_bind,9,n/a,n/a,n/a,0.9928427677682121,-0.006998471653778279,-0.11922357101205838,0.0038186790364852408,0.9996314155003315,-0.026878445550660122,0.11936773509107212,0.02623079372254592,0.9925035462303965
1,leg_L_femur_irm_bind,9,n/a,n/a,n/a,0.8091934673132074,0.5875331062873889,0.003283515482018469,-0.5865950254995663,0.8081934567685201,-0.05224569356141361,-0.033349790356041846,0.04035078007724076,0.9986288630068562
2,leg_L_knee_irm_bind,9,n/a,n/a,n/a,0.8800556536763048,-0.47487055755476343,-0.0,0.47487055755476343,0.8800556536763048,0.0,0.0,-0.0,1.0
3,leg_R_ankle_irm_bind,9,n/a,n/a,n/a,0.9750267273286309,0.15426655332350786,-0.15976455026226846,-0.14709094069473944,0.9875433717896234,0.05587793840075355,0.16639451962236085,-0.030982565421008513,0.9855723943372077
4,leg_R_femur_irm_bind,9,n/a,n/a,n/a,0.3459735280405638,0.9100033353544519,-0.22846498099038723,-0.9320580616721057,0.3054311380730692,-0.19488352820961252,-0.10756434152265473,0.2803671691535272,0.9538470332782061
5,leg_R_knee_irm_bind,9,n/a,n/a,n/a,0.38867758660179397,-0.9213738294923538,-0.0,0.9213738294923538,0.38867758660179397,0.0,0.0,-0.0,1.0
6,spine_C_spine_01_irm_bind,12,105.10710101069137,0.8227566132497373,-100.51936204773453,0.9037422327307131,-0.4064771627650439,-0.13426203085528543,0.4036669909295983,0.9136049255306172,-0.04877499851398284,0.14248837571096545,-0.010117123932985878,0.9897447684077827
0,leg_L_ankle_irm_bind,9,n/a,n/a,n/a,0.9908834479637567,0.001514404632034261,-0.13471339625318451,-0.007059671419439529,0.9991466635688068,-0.0406952788265529,0.13453681128563502,0.04127531051284544,0.9900485822176411
1,leg_L_femur_irm_bind,9,n/a,n/a,n/a,0.8199935261870777,0.5723635052584258,0.0032611132409509505,-0.5719847183109691,0.8196340303095679,-0.03214869168746313,-0.021073657252685344,0.024496412120598582,0.9994777770231883
2,leg_L_knee_irm_bind,9,n/a,n/a,n/a,0.8764322301190454,-0.4815252288391095,-0.0,0.4815252288391095,0.8764322301190454,0.0,0.0,-0.0,1.0
3,leg_R_ankle_irm_bind,9,n/a,n/a,n/a,0.9724927566335098,0.15834242378917757,-0.1708376864861078,-0.15110681117294522,0.9870061503646542,0.054640559655712496,0.17726976592893964,-0.027322810450502475,0.9837829507145286
4,leg_R_femur_irm_bind,9,n/a,n/a,n/a,0.34373140184523554,0.9143838799858682,-0.21389446792167993,-0.9323543709868831,0.3051157643358849,-0.19395797806582202,-0.11208947447089947,0.2660948897963244,0.9574076766650241
5,leg_R_knee_irm_bind,9,n/a,n/a,n/a,0.4303600717551491,-0.9026573040965785,-0.0,0.9026573040965785,0.4303600717551491,0.0,0.0,-0.0,1.0
6,spine_C_spine_01_irm_bind,12,108.02720555408285,0.8283636467429574,-100.09857997226925,0.9037403599365493,-0.4064747431168374,-0.13428196092497807,0.40366346920071816,0.9136060062871526,-0.04878390009911092,0.14251022929810023,-0.010116742763372754,0.9897416259111579
0,leg_L_ankle_irm_bind,9,n/a,n/a,n/a,0.9887614810122839,0.018100986275816616,-0.14840177883784827,-0.02623657582268976,0.9982472259623593,-0.0530482605516407,0.14718143821656035,0.05634563119086701,0.9875033134578372
1,leg_L_femur_irm_bind,9,n/a,n/a,n/a,0.8270444353653799,0.562127917527115,0.003115488370886304,-0.562036743975447,0.8269893278842134,-0.014260083698730596,-0.010592466787200135,0.010042703931013391,0.9998934661978324
2,leg_L_knee_irm_bind,9,n/a,n/a,n/a,0.8661874989761628,-0.4997191377338075,-0.0,0.4997191377338075,0.8661874989761628,0.0,0.0,-0.0,1.0
3,leg_R_ankle_irm_bind,9,n/a,n/a,n/a,0.9686945816015746,0.16855364621782642,-0.18226485103394505,-0.16163717588928786,0.9854650911714031,0.05226832169749885,0.18842566424530868,-0.021171264232766527,0.9818592295357317
4,leg_R_femur_irm_bind,9,n/a,n/a,n/a,0.3409731751903594,0.9185079640039931,-0.20020093371871095,-0.9331429149827554,0.3048842498783829,-0.1904990666475351,-0.11393679834930744,0.25177115449815723,0.9610565497121251
5,leg_R_knee_irm_bind,9,n/a,n/a,n/a,0.46351255581903567,-0.8860903512611482,-0.0,0.8860903512611482,0.46351255581903567,0.0,0.0,-0.0,1.0
6,spine_C_spine_01_irm_bind,12,110.94730427637907,0.4165540862618968,-99.75997376746788,0.9037393197043219,-0.40647205928249175,-0.13429708501311538,0.40365993968011343,0.9136072050355004,-0.04879065489074703,0.1425268224504307,-0.01011631997671716,0.9897392408873723
0,leg_L_ankle_irm_bind,9,n/a,n/a,n/a,0.9858481433519006,0.04677682667536889,-0.1609825044400557,-0.05780035038109175,0.9962432192871221,-0.06448695620243014,0.1573612332991614,0.07287919120444197,0.9848482450326819
1,leg_L_femur_irm_bind,9,n/a,n/a,n/a,0.828393911055269,0.5601376527422629,0.003055831628658074,-0.5601445768381835,0.8283917431419017,0.0022744082952674675,-0.0012574439657235675,-0.0035958134975765804,0.9999927444536604
2,leg_L_knee_irm_bind,9,n/a,n/a,n/a,0.8443180089517925,-0.5358424206421891,-0.0,0.5358424206421891,0.8443180089517925,0.0,0.0,-0.0,1.0
3,leg_R_ankle_irm_bind,9,n/a,n/a,n/a,0.9624877103074448,0.19337438220616385,-0.19032539455762745,-0.1871997900444681,0.9810444921614191,0.050079367079171974,0.19640174671941993,-0.012571901452359854,0.9804429107191469
4,leg_R_femur_irm_bind,9,n/a,n/a,n/a,0.33416607630250006,0.923178601935416,-0.18993236263776306,-0.9353389006746264,0.3000004606735527,-0.1874589674580485,-0.11607831121003265,0.24029355489531384,0.9637348354928339
5,leg_R_knee_irm_bind,9,n/a,n/a,n/a,0.4834364685214271,-0.8753794496694169,-0.0,0.8753794496694169,0.4834364685214271,0.0,0.0,-0.0,1.0
6,spine_C_spine_01_irm_bind,12,113.86739630190931,-0.6372330953239782,-99.45852575711783,0.9037392218199743,-0.40646897676332916,-0.13430707305722758,0.4036562843341956,0.9136085818465464,-0.04879511547125546,0.14253779520442392,-0.01011583438547364,0.9897376656634562
0,leg_L_ankle_irm_bind,9,n/a,n/a,n/a,0.9816635744581304,0.08134515647168061,-0.1723937124743366,-0.09538016424506611,0.9926307693242781,-0.07474476609954818,0.16504317874626226,0.0898171548719383,0.9821881835168043
1,leg_L_femur_irm_bind,9,n/a,n/a,n/a,0.8282139665670201,0.5604011368230029,0.0034916229477214298,-0.5603709245479456,0.8280617211329108,0.017268842337638722,0.006786199569992568,-0.016258900389863735,0.9998447857810273
2,leg_L_knee_irm_bind,9,n/a,n/a,n/a,0.8165956631036398,-0.577210120320431,-0.0,0.577210120320431,0.8165956631036398,0.0,0.0,-0.0,1.0
3,leg_R_ankle_irm_bind,9,n/a,n/a,n/a,0.9560527366803191,0.2192989495470429,-0.194605075508415,-0.21390638557799077,0.9756458552819092,0.0485718362859789,0.20051738801169414,-0.004809968689661529,0.9796783356317378
4,leg_R_femur_irm_bind,9,n/a,n/a,n/a,0.32900626787460074,0.9265153547323274,-0.18254909790096532,-0.9368222897374517,0.29591083661721806,-0.1865496561872368,-0.11882286459391828,0.23239207004054127,0.9653367560763277
5,leg_R_knee_irm_bind,9,n/a,n/a,n/a,0.5018589436576399,-0.8649494786811759,-0.0,0.8649494786811759,0.5018589436576399,0.0,0.0,-0.0,1.0
6,spine_C_spine_01_irm_bind,12,116.78748077562588,-2.0605352036772615,-99.21605065842145,0.9037381532444814,-0.40646606722053835,-0.13432306789424964,0.40365247943965876,0.9136098813857914,-0.048802258927801934,0.14255534438410303,-0.010115376043884763,0.9897351428311618
0,leg_L_ankle_irm_bind,9,n/a,n/a,n/a,0.9762679178718771,0.11653263233836411,-0.18254067528745885,-0.1334891730843277,0.9875264000912596,-0.08349999875484948,0.17053326128169907,0.1058855737250789,0.9796461871887925
1,leg_L_femur_irm_bind,9,n/a,n/a,n/a,0.8297589457369019,0.5581045145931952,0.004409394547903946,-0.5579623410542002,0.8293068739302369,0.030465305141658634,0.013346083129571716,-0.027739135580475797,0.9995260989200565
2,leg_L_knee_irm_bind,9,n/a,n/a,n/a,0.7892029140151373,-0.6141325268295238,-0.0,0.6141325268295238,0.7892029140151373,0.0,0.0,-0.0,1.0
3,leg_R_ankle_irm_bind,9,n/a,n/a,n/a,0.9528895857020503,0.23215187110151728,-0.19521000539070527,-0.2271856773572996,0.9726788396251124,0.04777596623041575,0.2009679214807171,-0.0011763033662065341,0.9795971165974873
4,leg_R_femur_irm_bind,9,n/a,n/a,n/a,0.33211843420324316,0.9264493773278313,-0.1771691195193442,-0.9353097634086929,0.29916370871912656,-0.188935761193567,-0.12203684744683077,0.2284570564335696,0.9658749304288562
5,leg_R_knee_irm_bind,9,n/a,n/a,n/a,0.5308312172677182,-0.8474775624015501,-0.0,0.8474775624015501,0.5308312172677182,0.0,0.0,-0.0,1.0
6,spine_C_spine_01_irm_bind,12,119.70755684828274,-3.580889544460206,-99.05436318858175,0.9037342000575374,-0.4064639022974342,-0.13435621226986466,0.40364850085405674,0.9136108483353462,-0.048817062204127286,0.14259166667318107,-0.010115035002954272,0.9897299139978812
0,leg_L_ankle_irm_bind,9,n/a,n/a,n/a,0.9703186832985988,0.14791085935198545,-0.19132179835928437,-0.16747431196205598,0.9817228361888211,-0.09040258701062256,0.17445345417763855,0.11976080573849866,0.977355279176593
1,leg_L_femur_irm_bind,9,n/a,n/a,n/a,0.8354501172742068,0.5495380942599091,0.005566372580169993,-0.5492643333382283,0.834612547391098,0.04160033485266355,0.018215204336643167,-0.0378124145556633,0.9991188255840469
2,leg_L_knee_irm_bind,9,n/a,n/a,n/a,0.7686143356501296,-0.6397124377664622,-0.0,0.6397124377664622,0.7686143356501296,0.0,0.0,-0.0,1.0
3,leg_R_ankle_irm_bind,9,n/a,n/a,n/a,0.9580323522187594,0.2117054367694823,-0.193273951024016,-0.2062668841927632,0.9773138869421315,0.048078465818616134,0.199067788925281,-0.006194710025929542,0.9799661427723381
4,leg_R_femur_irm_bind,9,n/a,n/a,n/a,0.3509921739984696,0.9203886617572488,-0.17230555736983316,-0.9280070144656075,0.31736359594969504,-0.1951495044024147,-0.12492987991052205,0.22839671467553882,0.9655192726356958
5,leg_R_knee_irm_bind,9,n/a,n/a,n/a,0.5824804765086757,-0.8128446927219406,-0.0,0.8128446927219406,0.5824804765086757,0.0,0.0,-0.0,1.0
6,spine_C_spine_01_irm_bind,12,122.62762368566003,-4.925833423335092,-98.9952780648054,0.9037254460232702,-0.40646305362669743,-0.13441764856781951,0.40364432338550865,0.9136112273871829,-0.04884450215469163,0.14265895838921636,-0.010114901311695323,0.9897202182247052
0,leg_L_ankle_irm_bind,9,n/a,n/a,n/a,0.9634200525360431,0.17919852504671968,-0.19927290581644067,-0.20115803857379835,0.9748546654314706,-0.09588443462647028,0.17707977266924108,0.13246233392015924,0.97524175679871
1,leg_L_femur_irm_bind,9,n/a,n/a,n/a,0.8430428025297936,0.5378036385061228,0.006788189175855998,-0.5374004662937434,0.8417627320572151,0.05134434483796968,0.021899130804183393,-0.046933456394653246,0.9986579388063123
2,leg_L_knee_irm_bind,9,n/a,n/a,n/a,0.7508522401177417,-0.6604702215165869,-0.0,0.6604702215165869,0.7508522401177417,0.0,0.0,-0.0,1.0
3,leg_R_ankle_irm_bind,9,n/a,n/a,n/a,0.961828952075445,0.20640484053505878,-0.17967222588132026,-0.19716112367339086,0.9780053032046612,0.0680670126816557,0.18976975064877197,-0.030044445530842533,0.9813688261970864
4,leg_R_femur_irm_bind,9,n/a,n/a,n/a,0.3965659253786882,0.9029585549511064,-0.16553342523235134,-0.9081436962934964,0.3595141667560381,-0.21453342579676798,-0.13420318070347828,0.23540478317638613,0.9625871879194883
5,leg_R_knee_irm_bind,9,n/a,n/a,n/a,0.6684565030353133,-0.7437512376795078,-0.0,0.7437512376795078,0.6684565030353133,0.0,0.0,-0.0,1.0
6,spine_C_spine_01_irm_bind,12,125.54768040304644,-6.286978669274163,-98.99579560165422,0.9037148196263068,-0.4064630549085395,-0.13448906937818172,0.4036404632501489,0.9136112268146594,-0.048876401927904385,0.1427371753083161,-0.0101149015136317,0.9897089408267324
0,leg_L_ankle_irm_bind,9,n/a,n/a,n/a,0.9548380601364468,0.21322218564569043,-0.20693133755751364,-0.2375447102693255,0.9661565858930271,-0.10056819655632651,0.17848470393265958,0.14518178633700726,0.9731728825743482
1,leg_L_femur_irm_bind,9,n/a,n/a,n/a,0.8507720890569608,0.5254740527797047,0.007992017074985392,-0.524940044532142,0.8489876355107754,0.06048094242334219,0.024996042251676003,-0.05565082753288507,0.9981373569136953
2,leg_L_knee_irm_bind,9,n/a,n/a,n/a,0.7318457851215445,-0.6814702831377388,-0.0,0.6814702831377388,0.7318457851215445,0.0,0.0,-0.0,1.0
3,leg_R_ankle_irm_bind,9,n/a,n/a,n/a,0.9590088671753526,0.2360316806337765,-0.15681530032570676,-0.22255613480833528,0.969900324649098,0.09880347718956269,0.17541596146936228,-0.05985320361325075,0.982673310148907
4,leg_R_femur_irm_bind,9,n/a,n/a,n/a,0.47376251434988337,0.8679433930796436,-0.14907496908023063,-0.8685170472139202,0.432485597293817,-0.24214530107401042,-0.14569563718824766,0.24419351863390104,0.958719096900393
5,leg_R_knee_irm_bind,9,n/a,n/a,n/a,0.7766218097844484,-0.629967113877485,-0.0,0.629967113877485,0.7766218097844484,0.0,0.0,-0.0,1.0
6,spine_C_spine_01_irm_bind,12,128.46772611327407,-7.845967048711259,-99.00217080013068,0.9037038034183711,-0.4064630638814069,-0.13456304614309766,0.40363646999361086,0.9136112228070068,-0.048909443384511926,0.14281819134223406,-0.010114902927128392,0.9896972531842795
