No.,jointName,dimension,translateX,translateY,translateZ,rotMtx_00,rotMtx_01,rotMtx_02,rotMtx_10,rotMtx_11,rotMtx_12,rotMtx_20,rotMtx_21,rotMtx_22
0,Hips_anim_bind_walk,12,53.431728721505465,220.48827347593996,29.353029150354747,0.995116600852753,-0.08026326052112621,-0.057452238579364295,0.06827962410883995,0.9800706694384947,-0.18654590812434416,0.071280036748152,0.18171211274127694,0.9807649384252496
1,LeftFoot_anim_bind_walk,9,n/a,n/a,n/a,0.8368342445095589,0.547456005303322,0.0006078432733128428,-0.5474359705591302,0.8368121665574885,-0.007697794446786912,-0.004722854443952374,0.00610902272799295,0.9999701867991916
2,LeftLeg_anim_bind_walk,9,n/a,n/a,n/a,0.8979179926050264,-0.4401085714404697,0.006908248749772639,0.43617011792885946,0.8875543328634554,-0.14833386141145027,0.05915155773168274,0.1362048147457918,0.9889132123993387
3,LeftToeBase_anim_bind_walk,9,n/a,n/a,n/a,0.9999998961157771,-0.00045576936200758354,-6.53630749069716e-06,0.0004555931596678618,0.9998563114025186,-0.01694547088228223,1.4258594750776977e-05,0.016945466144018182,0.9998564151786268
4,LeftUpLeg_anim_bind_walk,9,n/a,n/a,n/a,0.9975406085766633,-0.04087697781965907,0.05693686788743396,0.04393710204695748,0.9975968245866749,-0.05357337620776116,-0.054610120895446236,0.055943259280400934,0.9969393594581721
0,Hips_anim_bind_walk,12,51.83975423273466,217.3327934843652,29.880518658693045,0.9962536417545369,-0.07922461807633753,-0.03467190767006206,0.07233160224499366,0.9831206294458,-0.16805346552441502,0.04740063931525482,0.16491600240350293,0.9851679509321002
1,LeftFoot_anim_bind_walk,9,n/a,n/a,n/a,0.8393436260828308,0.5436011440184334,-0.00027124891786258425,-0.5436001055942049,0.8393408071213537,-0.002436123733280671,-0.0010966093627322543,0.0021921958682706564,0.9999969958580779
2,LeftLeg_anim_bind_walk,9,n/a,n/a,n/a,0.9115536717478326,-0.41113040233391845,0.006457228491770417,0.40904044718908966,0.9050958173107156,-0.11613558477054811,0.04190245919267936,0.1085050863480507,0.9932123791768848
3,LeftToeBase_anim_bind_walk,9,n/a,n/a,n/a,0.9995883904637529,0.028688827274429368,-2.8977608532337955e-05,-0.028685999755627353,0.9994746357051498,-0.015085290851616334,-0.00040381691889508566,0.015079912853716028,0.9998862101060402
4,LeftUpLeg_anim_bind_walk,9,n/a,n/a,n/a,0.9932520906796126,-0.09340207834399174,0.0687483535919327,0.09674802567388888,0.9941957928995906,-0.047058951422220524,-0.06395392004234861,0.05339266936366076,0.9965235165160127
0,Hips_anim_bind_walk,12,50.13677570575467,213.89705925781163,30.716714533104124,0.9971916762385974,-0.07387508209677687,-0.012297686190942195,0.07153885559507912,0.9882008956540701,-0.13542961998263073,0.022157458802913914,0.13416952736626842,0.9907106464279615
1,LeftFoot_anim_bind_walk,9,n/a,n/a,n/a,0.8538587442698693,0.5205037847550397,-0.0010270781670435965,-0.5205004909051133,0.8538580437163,0.002383306213892028,0.002117498859016573,-0.0015004121608603082,0.9999966324752947
2,LeftLeg_anim_bind_walk,9,n/a,n/a,n/a,0.90220352003344,-0.43125756025758594,0.0067620381502117525,0.43093728871597664,0.9006597823399105,-0.055722613628114065,0.017940502595892693,0.05318715254739409,0.9984233897352901
3,LeftToeBase_anim_bind_walk,9,n/a,n/a,n/a,0.9917687907135104,0.12804164859140263,4.46391827760153e-05,-0.12803991144376448,0.9917570348794811,-0.004874919951414964,-0.0006684640108796767,0.004829077868030421,0.9999881165107967
4,LeftUpLeg_anim_bind_walk,9,n/a,n/a,n/a,0.989900325879464,-0.12705676117828021,0.06288023745674398,0.13020962796129057,0.9902816640733488,-0.048863878134072544,-0.056060660091666305,0.056557981214013064,0.9968241555816563
0,Hips_anim_bind_walk,12,48.45355356916792,209.88841340006263,31.759705391946706,0.9979374286989703,-0.06414350655701159,0.0025493074075550715,0.0640535933034419,0.9923404561458983,-0.10562933437766175,0.004245655026597,0.1055747586439165,0.9944023052822605
1,LeftFoot_anim_bind_walk,9,n/a,n/a,n/a,0.8776447033403004,0.47931020862536855,-0.0012241757316007443,-0.47930451906309113,0.8776426108252983,0.003259703890395915,0.0026367981369536373,-0.0022741088935801434,0.9999939378437875
2,LeftLeg_anim_bind_walk,9,n/a,n/a,n/a,0.896522014039574,-0.4429448098940651,0.0069407298129364825,0.4428171157384593,0.8964927002800563,0.014623281220200377,-0.012699620132022828,-0.010036619574516651,0.9998689843754625
3,LeftToeBase_anim_bind_walk,9,n/a,n/a,n/a,0.9667339929241079,0.2557834955885802,0.00043624476810172504,-0.2551664163680887,0.9642805025960681,0.07108594988421517,0.017761950424379152,-0.06883251918650621,0.9974700985090035
4,LeftUpLeg_anim_bind_walk,9,n/a,n/a,n/a,0.9837744995424539,-0.1741998484616601,0.04292023818583836,0.17646166955977605,0.9827020355333047,-0.056195983262827987,-0.03238847366225901,0.062857952198861,0.997496799302732
0,Hips_anim_bind_walk,12,46.932324596787055,205.5620728827773,32.950987072064095,0.9986588980559677,-0.05173593208450881,-0.0019490164152787908,0.051318775073848584,0.9941763947913624,-0.09476117013085311,0.006840223575269456,0.09453406460634094,0.9954981275574779
1,LeftFoot_anim_bind_walk,9,n/a,n/a,n/a,0.9193341405972092,0.3934776953289008,0.00020300504306565545,-0.39347643271431093,0.919332279708906,-0.0021110148379859563,-0.0010172663422897805,0.0018608503116992867,0.9999977512001245
2,LeftLeg_anim_bind_walk,9,n/a,n/a,n/a,0.8753480904866621,-0.48343406632791414,0.007564654322073518,0.4819899546667305,0.8737524449971739,0.065133312995914,-0.03809729756449365,-0.05336823376427772,0.9978478980000729
3,LeftToeBase_anim_bind_walk,9,n/a,n/a,n/a,0.9335310105033439,0.35849482615199696,0.0011454478840952525,-0.35848374937231814,0.9334655238617007,0.011468094766166233,0.003042016530308139,-0.011116446547808329,0.9999335831701919
4,LeftUpLeg_anim_bind_walk,9,n/a,n/a,n/a,0.9780635324940712,-0.20814096503793275,0.0083105401928499,0.20819414081609453,0.9754442733514794,-0.07185867599429074,0.0068502653282270735,0.07201255625849093,0.9973802011299656
0,Hips_anim_bind_walk,12,45.66492433504024,200.98679657200356,34.21179942259208,0.9996296857862218,-0.02549457931585567,-0.009514080115656364,0.02452036840446291,0.995517801212079,-0.09134034707169109,0.011800119840450799,0.09107323369341352,0.9957742832973625
1,LeftFoot_anim_bind_walk,9,n/a,n/a,n/a,0.9615810564986184,0.2741047331536523,0.015115126389348695,-0.27315382829021717,0.9608287685831172,-0.04685150534880393,-0.027365267647136902,0.04092276537351247,0.9987874996218088
2,LeftLeg_anim_bind_walk,9,n/a,n/a,n/a,0.8261326867137155,-0.5634070243829518,0.008792543382087617,0.5569284177961883,0.8188059710298549,0.13923907230691684,-0.08564765842807508,-0.11013313162624812,0.9902197594089825
3,LeftToeBase_anim_bind_walk,9,n/a,n/a,n/a,0.889878831744271,0.4561925320153859,0.002009613605257675,-0.4551400732419871,0.8875089262964203,0.07194038833265962,0.0310351178945732,-0.0649328844081814,0.9974069089292011
4,LeftUpLeg_anim_bind_walk,9,n/a,n/a,n/a,0.9730969491892619,-0.22773355394604192,-0.034925003731652915,0.2236644743345027,0.9701238995544079,-0.09398841648852095,0.05528589692879503,0.08364835874333876,0.994960512623654
0,Hips_anim_bind_walk,12,44.81095784477077,196.52667876316553,35.49841065231779,0.9999637263448262,0.0065806314466749375,-0.005407521089392844,-0.006873350971447288,0.9984056484441735,-0.056026049309160976,0.0050302128178139815,0.056061184829900496,0.9984146636115053
1,LeftFoot_anim_bind_walk,9,n/a,n/a,n/a,0.9907267633948631,0.134744733804363,0.017445257382165617,-0.13387436990351562,0.9900217790302346,-0.04398329374598647,-0.023197701956773998,0.041239953416564626,0.998879939164925
2,LeftLeg_anim_bind_walk,9,n/a,n/a,n/a,0.7273644096441225,-0.6861686973223748,0.010655252130870528,0.6671845878460909,0.7107046337754788,0.22307767541980644,-0.16064165500796782,-0.15514974168517962,0.9747424358933611
3,LeftToeBase_anim_bind_walk,9,n/a,n/a,n/a,0.929786645509129,0.3680971239543887,0.0011406881205519891,-0.3666422462547093,0.9258274250925247,0.09174443965629031,0.03271478403080314,-0.08572097924693213,0.9957819322636682
4,LeftUpLeg_anim_bind_walk,9,n/a,n/a,n/a,0.9740736473962185,-0.2025329500374526,-0.1008014563255619,0.19074436368876604,0.9748289812772529,-0.11543415864864673,0.12164340166731274,0.0932140623032808,0.9881872400611763
0,Hips_anim_bind_walk,12,44.55059648092197,192.46077528058342,36.60748970937105,0.9996569559082397,0.026123439768168655,0.0018805315605887542,-0.026097907070798218,0.9995810144077399,-0.01251778263582033,-0.0022067511856769567,0.012464410546533224,0.9999198811499508
1,LeftFoot_anim_bind_walk,9,n/a,n/a,n/a,0.9975823193267336,-0.0688859933655881,0.009178021831048535,0.06903667308477564,0.9974648055828761,-0.017259762249252478,-0.007965797893548588,0.017851653748352323,0.9998089140042552
2,LeftLeg_anim_bind_walk,9,n/a,n/a,n/a,0.5925732932916743,-0.8054208804735044,0.01241359636625819,0.7764716055515137,0.5752396950431369,0.25727638643865725,-0.21435656707857983,-0.14281631049695967,0.9662581247297858
3,LeftToeBase_anim_bind_walk,9,n/a,n/a,n/a,0.9995996695476196,0.028293102911763752,-3.111131262453184e-05,-0.028286202740980787,0.9993789909108222,0.021012454891397338,0.0006255995408877143,-0.021003162944928606,0.999779213512425
4,LeftUpLeg_anim_bind_walk,9,n/a,n/a,n/a,0.9796771504494483,-0.11185156100011436,-0.166498976540658,0.0927418451151377,0.9886196721068304,-0.11844869812717501,0.17785283537770408,0.10060006076151508,0.9789014233940467
0,Hips_anim_bind_walk,12,44.71812670381826,188.68505012314932,37.54760057996769,0.9996976134446804,0.024329680422651226,0.0035704794554626044,-0.02435421205835234,0.999678912356564,0.006996037779606206,-0.0033991216552257003,-0.007080878485649473,0.9999691530901563
1,LeftFoot_anim_bind_walk,9,n/a,n/a,n/a,0.9845540424847459,-0.17351466257830328,0.023366627854331027,0.17432812060755767,0.9839138349566958,-0.03902911408480152,-0.016218624861006354,0.04249973236557141,0.9989648286884142
2,LeftLeg_anim_bind_walk,9,n/a,n/a,n/a,0.4728677518390496,-0.881030336601488,0.01347721256609137,0.8554369972875149,0.4626907502895665,0.2326903806954601,-0.21124306602206644,-0.09850287094469205,0.972457480547736
3,LeftToeBase_anim_bind_walk,9,n/a,n/a,n/a,0.9999983703708963,-0.001805339905460322,-1.8376817414159037e-06,0.0018053401308309538,0.9999983617816476,0.00013107643862014242,1.6010412055853858e-06,-0.00013107954265475876,0.999999991407795
4,LeftUpLeg_anim_bind_walk,9,n/a,n/a,n/a,0.9785264178274303,0.01503054397939748,-0.20557269361834102,-0.037900484736475455,0.9934532048504509,-0.10776958304228712,0.2026070158473223,0.1132466887818431,0.9726898707241642
0,Hips_anim_bind_walk,12,44.921900375063245,185.15785645180654,38.23345034048409,0.9996588445636269,0.023717011507049673,0.010940651300953867,-0.024012629794659405,0.9993269839513109,0.02773035804170105,-0.010275606846275582,-0.02798361148870481,0.999555565935176
1,LeftFoot_anim_bind_walk,9,n/a,n/a,n/a,0.9974004209949202,-0.07124058089260933,0.010824963429011772,0.07144449442056895,0.9972482354140162,-0.019789926240898707,-0.009385329836779732,0.020511864803437686,0.9997455571224813
2,LeftLeg_anim_bind_walk,9,n/a,n/a,n/a,0.4013913704267543,-0.9158004228057997,0.01394823772563861,0.891932384761499,0.3943009882183447,0.22132182834890474,-0.20818642789720324,-0.07639578704847258,0.9751010691003508
3,LeftToeBase_anim_bind_walk,9,n/a,n/a,n/a,0.9999999913605023,-0.00013139648632488828,-3.736141954002673e-06,0.00013139551054106334,0.9999999575712886,-0.00025998584756267896,3.7703030223469183e-06,0.0002599853544042523,0.9999999661966996
4,LeftUpLeg_anim_bind_walk,9,n/a,n/a,n/a,0.9659243825061228,0.13871692225235713,-0.21851247735769902,-0.16117288953599299,0.9829542631688614,-0.08845459963608177,0.20251762135375775,0.12065874190871718,0.9718168968700952
0,Hips_anim_bind_walk,12,44.77916684646527,181.8691087901776,38.91297894121962,0.9997093035510624,0.0224384018971996,0.008821933674071396,-0.022698505548204503,0.9992745263195756,0.030581021805454342,-0.008129344335682598,-0.030772376721457412,0.999493358953217
1,LeftFoot_anim_bind_walk,9,n/a,n/a,n/a,0.9991286550773786,0.041602623852396256,-0.0033395047334510448,-0.04157757997261334,0.999108990401669,0.007247768082569985,0.00363805537198843,-0.007102604251526918,0.9999681582760306
2,LeftLeg_anim_bind_walk,9,n/a,n/a,n/a,0.40141798084252067,-0.9157887654888924,0.013947819207465132,0.8921452493124719,0.3944090897046658,0.22026875422429879,-0.2072207971838284,-0.07597635791920619,0.9753394969198321
3,LeftToeBase_anim_bind_walk,9,n/a,n/a,n/a,0.9999999999810081,4.784712659247302e-06,-3.884641464698276e-06,-4.784690031031049e-06,0.9999999999715878,5.825034661624985e-06,3.88466933570499e-06,-5.8250160747090655e-06,0.9999999999754893
4,LeftUpLeg_anim_bind_walk,9,n/a,n/a,n/a,0.9429114927035445,0.24424720694282578,-0.22640940534395182,-0.268921530451178,0.9594072781867997,-0.08496402192688898,0.19646660629066098,0.1409999165348162,0.9703194814852503
0,Hips_anim_bind_walk,12,44.11391821240892,178.91635594954025,39.43719565400459,0.9998020515844486,0.018601663795519884,0.007059444140017513,-0.018851403494844054,0.9991324677554235,0.03713403375923346,-0.0063625650332365166,-0.03725976356602058,0.9992853585363903
1,LeftFoot_anim_bind_walk,9,n/a,n/a,n/a,0.9922520025611201,0.12421193627659988,-0.002712618636087671,-0.12419307483529021,0.992238260687298,0.006270102965792974,0.0034703856274143773,-0.005884633774801256,0.9999766634821701
2,LeftLeg_anim_bind_walk,9,n/a,n/a,n/a,0.46279508274329156,-0.8863617975167225,0.013545305148061593,0.8652510396479346,0.4549899181758536,0.21053458800514938,-0.19277279314467036,-0.08571428271445912,0.9774925636351143
3,LeftToeBase_anim_bind_walk,9,n/a,n/a,n/a,0.9999999982530032,5.897786338186091e-05,-3.950302299714584e-06,-5.897785795343673e-05,0.9999999982598619,1.3742818306678589e-06,3.95038334504657e-06,-1.3740488478990875e-06,0.9999999999912532
4,LeftUpLeg_anim_bind_walk,9,n/a,n/a,n/a,0.913062623188768,0.33726839678144227,-0.2292742346364314,-0.36381618247309355,0.9276516004055002,-0.08426324012176764,0.1842672827887535,0.16035129184883304,0.9697077042573499
0,Hips_anim_bind_walk,12,42.93896292858753,176.23297411647457,39.94442143609317,0.9998336885458011,0.01798792907018284,-0.003004938712137924,-0.017825793775242744,0.9987220070482242,0.04729263910852277,0.0038517950594691578,-0.04723120838314993,0.9988765572529407
1,LeftFoot_anim_bind_walk,9,n/a,n/a,n/a,0.9858024770836784,0.1678917452972978,-0.002416202953209356,-0.16787557080078494,0.9857910856528397,0.00580759637942977,0.0033569188245265802,-0.0053195214468035055,0.9999802166981018
2,LeftLeg_anim_bind_walk,9,n/a,n/a,n/a,0.5676970052547706,-0.8231403034335797,0.012655081510607895,0.8035499015384774,0.5573968653501985,0.20884513457410708,-0.17896275020872118,-0.10839176795793973,0.9778668409741088
3,LeftToeBase_anim_bind_walk,9,n/a,n/a,n/a,0.9999999964632277,8.401023303503982e-05,-3.978124626406981e-06,-8.401023363845303e-05,0.9999999964711288,-1.515159720423975e-07,3.978111883476572e-06,1.5185017468582733e-07,0.9999999999920758
4,LeftUpLeg_anim_bind_walk,9,n/a,n/a,n/a,0.8792715631288053,0.4126696545898354,-0.23787659501038225,-0.44193949003504873,0.8930812517409183,-0.08423398919934609,0.1776823160041216,0.17919161244204607,0.9676359649216388
0,Hips_anim_bind_walk,12,41.6633508539619,173.58112477631246,40.237287890422905,0.9997871152314666,0.015254644848490727,-0.013893164783025809,-0.014402980474178472,0.9981265046546919,0.05946456809956498,0.014774246870900967,-0.0592518060176547,0.9981337310766749
1,LeftFoot_anim_bind_walk,9,n/a,n/a,n/a,0.9849978656601495,0.17255370950374782,-0.002102850790333992,-0.1725417378381202,0.9849897933633707,0.004945267817390496,0.002924610871825312,-0.004508248715468972,0.9999855610681424
2,LeftLeg_anim_bind_walk,9,n/a,n/a,n/a,0.7069917032388633,-0.7071369518783195,0.010957318999199895,0.6936789623295746,0.6963875301496906,0.1839943071765485,-0.13773971385470282,-0.12248158694372352,0.9828662330586863
3,LeftToeBase_anim_bind_walk,9,n/a,n/a,n/a,0.9999999962367995,8.66634400498362e-05,-3.981066511278928e-06,-8.66634436612437e-05,0.9999999962443125,-9.069821809686733e-07,3.98098789413142e-06,9.073271904888296e-07,0.9999999999916642
4,LeftUpLeg_anim_bind_walk,9,n/a,n/a,n/a,0.8517530326614867,0.4675988571218092,-0.23636429546430693,-0.4974152676525469,0.8633960108524638,-0.08441196568139729,0.16460505113180898,0.1894693570539314,0.9679909813006857
0,Hips_anim_bind_walk,12,40.38206872587119,170.66622960683358,40.30977939079347,0.9996139027939329,0.00526779489840245,-0.027281782896101503,-0.0035746569160169683,0.9980857360918843,0.06174208643910655,0.027554803011715097,-0.06162072497812484,0.9977192085372296
1,LeftFoot_anim_bind_walk,9,n/a,n/a,n/a,0.9917198243830738,0.12823464498646803,0.006904038731021818,-0.12809961800103273,0.9916095697161533,-0.01734788503924224,-0.009070710754645493,0.016319836780426842,0.9998256773727437
2,LeftLeg_anim_bind_walk,9,n/a,n/a,n/a,0.8352161118082211,-0.549854805436656,0.008587171488592235,0.5433305843458395,0.8275151601003075,0.14145860143014047,-0.08488770635590252,-0.11348283016553604,0.9899069272246024
3,LeftToeBase_anim_bind_walk,9,n/a,n/a,n/a,0.9999999972782345,7.367358312319479e-05,-3.966621286910719e-06,-7.367358745889954e-05,0.999999997285504,-1.0929122950588965e-06,3.966540757378525e-06,1.0932045273045433e-06,0.9999999999915358
4,LeftUpLeg_anim_bind_walk,9,n/a,n/a,n/a,0.8268509208463541,0.5129643583825719,-0.23061899688597248,-0.5416673128059333,0.8366757341656803,-0.081057005224219,0.15137396385486948,0.19194083173591786,0.9696621268149997
0,Hips_anim_bind_walk,12,39.145632228445606,167.21355232139177,40.11330826604132,0.9993269836627473,-0.004760781710629243,-0.036371894108207625,0.006891521534894157,0.9982528677704259,0.05868320815237277,0.03602896965566766,-0.058894371086075425,0.9976138363113889
1,LeftFoot_anim_bind_walk,9,n/a,n/a,n/a,0.9963579293225024,0.08244262467735256,0.0217736150531873,-0.08126278392737218,0.9954163705614243,-0.05042429143472895,-0.025830923803620093,0.04847125802607599,0.9984905109818625
2,LeftLeg_anim_bind_walk,9,n/a,n/a,n/a,0.89032287986483,-0.4552738267724017,0.007135281718922707,0.4527835328961492,0.8868903962513428,0.09171966733050145,-0.04808577676690936,-0.0784293802930331,0.9957593034361134
3,LeftToeBase_anim_bind_walk,9,n/a,n/a,n/a,0.9999999986518217,5.177658649663846e-05,-3.942267327024374e-06,-5.1776590055368e-05,0.9999999986591849,-9.02614662244225e-07,3.94222058743239e-06,9.028187781866197e-07,0.9999999999918218
4,LeftUpLeg_anim_bind_walk,9,n/a,n/a,n/a,0.7838172131694832,0.5787825631090103,-0.22503626592216075,-0.604822317312853,0.7936750393789562,-0.06534444388869579,0.14078544249863195,0.18732505573941982,0.9721567685680573
0,Hips_anim_bind_walk,12,38.16446565060261,163.2991603994514,39.749826150543974,0.9990529441290935,-0.00950082661060742,-0.04246114836771692,0.011671592002303442,0.9986216681759178,0.05117165025362057,0.041916449839196325,-0.05161877704152118,0.9977868074341412
1,LeftFoot_anim_bind_walk,9,n/a,n/a,n/a,0.9845949063188653,0.1720516394446509,0.03116253865385191,-0.16901057144891307,0.9821487692713725,-0.08257857928809402,-0.0448140289357789,0.07603965007241957,0.9960972213731987
2,LeftLeg_anim_bind_walk,9,n/a,n/a,n/a,0.903476451488848,-0.42858504954211335,0.006719889441314015,0.42838146875972,0.9033673657161129,0.0204137155460682,-0.014819542111153612,-0.015564635174491397,0.99976903497933
3,LeftToeBase_anim_bind_walk,9,n/a,n/a,n/a,0.9999999996084573,2.7708374449520385e-05,-3.915487368112741e-06,-2.7708376522579452e-05,0.9999999996159828,-5.293978385789659e-07,3.9154726978555825e-06,5.295063301699493e-07,0.9999999999921944
4,LeftUpLeg_anim_bind_walk,9,n/a,n/a,n/a,0.7386777587315583,0.6378085299202377,-0.2180721163200537,-0.6607845042951086,0.7490767057938524,-0.04741231612669227,0.13311276286964047,0.17912109869586915,0.9747802954323582
0,Hips_anim_bind_walk,12,36.88581063735799,159.36186226944108,39.20356273090001,0.9987464418054205,-0.015975955870486783,-0.047437472688117044,0.01799285091627384,0.9989387339066668,0.04239885867391224,0.046709766611666315,-0.04319924461110285,0.9979739590631179
1,LeftFoot_anim_bind_walk,9,n/a,n/a,n/a,0.9328904466013843,0.35928999782234,0.025022232208432714,-0.35573160973814816,0.9300544645273863,-0.09194408543121589,-0.056306629032252406,0.07687255997753532,0.9954497340647214
2,LeftLeg_anim_bind_walk,9,n/a,n/a,n/a,0.9063375961229464,-0.422502339599643,0.006628339679505222,0.4218096449906048,0.9036981279458907,-0.07352766105346094,0.025075590660618464,0.06943678117482581,0.9972711507775107
3,LeftToeBase_anim_bind_walk,9,n/a,n/a,n/a,0.9999999999587948,8.204871258644244e-06,-3.884641464611985e-06,-8.20487190577466e-06,0.9999999999663262,-1.6657100250812842e-07,3.884640097787544e-06,1.6660287548688181e-07,0.9999999999924409
4,LeftUpLeg_anim_bind_walk,9,n/a,n/a,n/a,0.7140107602474932,0.6694932044630446,-0.20485966764739427,-0.6891761217437259,0.7236421133712229,-0.03712633800830782,0.12338925183772662,0.16769299607745705,0.97808698570091
0,Hips_anim_bind_walk,12,35.13243386027008,155.50195369637282,38.640583125941994,0.9983710488790416,-0.0233513398814403,-0.05205731155086217,0.024984612097879548,0.9992086928994619,0.030947652454869766,0.05129344907959069,-0.032197871977669136,0.9981644549479955
1,LeftFoot_anim_bind_walk,9,n/a,n/a,n/a,0.948148194569342,0.31765907856927095,0.010378387997129986,-0.3170815383895089,0.9476527310886977,-0.03759786260779218,-0.021778410121943707,0.03235755031911114,0.9992390553765934
2,LeftLeg_anim_bind_walk,9,n/a,n/a,n/a,0.9053829275787569,-0.42454364874393524,0.00666669034120849,0.4214371511314119,0.8966247489662913,-0.13584839780937702,0.05169605492838848,0.12580441110041157,0.9907072060162476
3,LeftToeBase_anim_bind_walk,9,n/a,n/a,n/a,0.9999999999924548,0.0,-3.8846414647427425e-06,0.0,1.0,0.0,3.8846414647427425e-06,0.0,0.9999999999924548
4,LeftUpLeg_anim_bind_walk,9,n/a,n/a,n/a,0.7028095860803092,0.6854436937570566,-0.19033031393424146,-0.702344541677094,0.711091040048891,-0.03258339360132992,0.11300809922309607,0.15657737847744477,0.981179236459432
0,Hips_anim_bind_walk,12,32.96723162516162,151.45470787208575,37.85471452401796,0.9975363962802928,-0.02646923974388373,-0.06496550964556116,0.0270641747435464,0.9995992843175672,0.008294651123358478,0.06471992383785291,-0.010032454295348317,0.997853035932263
1,LeftFoot_anim_bind_walk,9,n/a,n/a,n/a,0.9641640245291551,0.2653045242126863,0.001115004943028038,-0.2652974594819654,0.9641567130234546,-0.0043692933321950395,-0.002234232789518485,0.003916907464822399,0.9999898329681929
2,LeftLeg_anim_bind_walk,9,n/a,n/a,n/a,0.8987932690022438,-0.43831876367673095,0.006879026469089002,0.4350203215861381,0.8898730260518981,-0.13741658310528165,0.05411080671504846,0.1265016162510972,0.9904894556139942
3,LeftToeBase_anim_bind_walk,9,n/a,n/a,n/a,0.9999999999924548,0.0,-3.8846414647427425e-06,0.0,1.0,0.0,3.8846414647427425e-06,0.0,0.9999999999924548
4,LeftUpLeg_anim_bind_walk,9,n/a,n/a,n/a,0.7106406403701874,0.6781564965920296,-0.1873329826386007,-0.6948520647364627,0.7182642559259671,-0.03573607128087477,0.11031993648350558,0.1555642143590271,0.981646212657663
0,Hips_anim_bind_walk,12,30.777965673543406,146.8409261702508,36.77409593541609,0.9964324753982146,-0.020603523507377385,-0.08184019055981956,0.018212228833656488,0.9993881918724768,-0.02985894617650891,0.08240531956553024,0.02826193137317534,0.996198085996134
1,LeftFoot_anim_bind_walk,9,n/a,n/a,n/a,0.9683069716658868,0.24967436394346298,-0.0066573728051315985,-0.24952823809271113,0.9682083699918836,0.0175559298246118,0.010828989684480783,-0.015338326736857862,0.9998237188201362
2,LeftLeg_anim_bind_walk,9,n/a,n/a,n/a,0.8857056722965448,-0.4641902422621299,0.00727193580491128,0.4624864752846064,0.8808753210981737,-0.10082127185773154,0.04039458182165993,0.09266114433145417,0.9948779774880127
3,LeftToeBase_anim_bind_walk,9,n/a,n/a,n/a,0.9999996819838556,-0.0007975106254954959,-2.9983210024363464e-06,0.0007975053218308109,0.9999985893688245,-0.0014782576307655162,4.177242940666562e-06,0.0014782547694787676,0.9999989073720965
4,LeftUpLeg_anim_bind_walk,9,n/a,n/a,n/a,0.7427034158053192,0.6419174014590546,-0.19061397077645154,-0.6600481811116076,0.7497587959637633,-0.04688439491159537,0.11281859227259286,0.16063560495426535,0.9805448320493091
0,Hips_anim_bind_walk,12,28.923345181659045,141.67110845038934,35.462215470885546,0.9965362959713118,-0.013787271027111003,-0.08200806039288569,0.008965129782840708,0.9982247504191585,-0.05888101645340099,0.0826742841502424,0.057941857134836815,0.9948908000037043
1,LeftFoot_anim_bind_walk,9,n/a,n/a,n/a,0.997834213452172,0.06563388409288617,-0.004367576349237079,-0.06557412849014234,0.9977675170681475,0.012649725547313322,0.0051880764299630285,-0.012335928929173857,0.9999104503506357
2,LeftLeg_anim_bind_walk,9,n/a,n/a,n/a,0.8661777484944556,-0.49967498185871956,0.007811563067912394,0.4993746779072689,0.8648513239495293,-0.05154724558846781,0.019001028342885327,0.04854997391590088,0.9986400056850708
3,LeftToeBase_anim_bind_walk,9,n/a,n/a,n/a,0.9998773431964539,0.015661979879801616,-3.080008856151905e-05,-0.015652731283369335,0.9993507214127837,0.03245192775659878,0.0005390415303081573,-0.03244746520136148,0.9994732970100976
4,LeftUpLeg_anim_bind_walk,9,n/a,n/a,n/a,0.7612473312021489,0.6232001824154522,-0.1792317867314637,-0.6392165024158204,0.7676676307584891,-0.045701988194536164,0.10910895369716975,0.14935843237994725,0.9827447760736832
0,Hips_anim_bind_walk,12,27.29204560471142,136.4632444975437,34.26603104238988,0.9979326571955348,-0.004694503808127374,-0.06409659379916076,0.0007774969279284068,0.9981374838016934,-0.06099966334785107,0.06426357600683454,0.060823721227984566,0.996077641418978
1,LeftFoot_anim_bind_walk,9,n/a,n/a,n/a,0.9987911110770458,-0.046375610645744934,0.01629782717771356,0.04687829393900443,0.9983895486040381,-0.03194894044555177,-0.014789928696537065,0.03267433205835098,0.9993566160453895
2,LeftLeg_anim_bind_walk,9,n/a,n/a,n/a,0.8287845036487962,-0.5594999307408577,0.008722041767500343,0.559488038682074,0.8283021814387754,-0.0298099110272418,0.009454156932512269,0.029585870356329272,0.9995175312079093
3,LeftToeBase_anim_bind_walk,9,n/a,n/a,n/a,0.9985037829861956,0.054682642743741974,-6.280777604300138e-05,-0.05459964253018591,0.9970501593738367,0.0539431064009376,0.0030123741189237224,-0.05385896652524299,0.9985440087081793
4,LeftUpLeg_anim_bind_walk,9,n/a,n/a,n/a,0.7737066712607158,0.6143005578314431,-0.15496067725278082,-0.6268107301472736,0.7777981126111027,-0.04624288692164516,0.0921210910644482,0.13290944536256333,0.986837769805408
0,Hips_anim_bind_walk,12,26.190952280754715,131.41322804826163,33.21054801072545,0.9985706434444424,0.008362111586802454,-0.05278963099664871,-0.012180075549654125,0.9972996987336293,-0.07242207305384778,0.052041481632993394,0.07296153778273871,0.9959760530222707
1,LeftFoot_anim_bind_walk,9,n/a,n/a,n/a,0.9995098906232436,0.02846656599048424,0.013024329810809728,-0.028092987198488347,0.9992125442798702,-0.0280191974191585,-0.013811684060132234,0.027639572617130223,0.9995225317165018
2,LeftLeg_anim_bind_walk,9,n/a,n/a,n/a,0.7745118952910206,-0.6324830527309317,0.009824055215265326,0.6325074207324978,0.7741559269548438,-0.024838749546006598,0.008104737567248001,0.025451694812877665,0.9996431985764311
3,LeftToeBase_anim_bind_walk,9,n/a,n/a,n/a,0.9998408037336826,0.01784281867363737,-3.179564950613366e-05,-0.017832828654576027,0.9993375362697269,0.03172505042594614,0.0005978389082037144,-0.03171943290999999,0.9994966333932835
4,LeftUpLeg_anim_bind_walk,9,n/a,n/a,n/a,0.7942970313161166,0.5915394079850487,-0.13846788379657674,-0.6032704215065381,0.7949101202912173,-0.06467379062592728,0.07181242634619713,0.1349037785212133,0.9882529767033194
0,Hips_anim_bind_walk,12,25.806447140703753,126.71467248851621,32.11542654197393,0.9981944551219079,0.02017440648988384,-0.05657581715413551,-0.026571872653032402,0.993043539143007,-0.11471035241006887,0.05386803641853182,0.11600656312947168,0.9917866262272846
1,LeftFoot_anim_bind_walk,9,n/a,n/a,n/a,0.9933319605009481,0.11459010872571586,0.012677666566511014,-0.11415516332626849,0.9929818213172729,-0.03091441766205951,-0.01613117891835479,0.029261058006502673,0.9994416318880477
2,LeftLeg_anim_bind_walk,9,n/a,n/a,n/a,0.748574033833978,-0.6629714925061396,0.010281828325142139,0.6625449383002832,0.7473066494739435,-0.050665337112296066,0.025905995487537366,0.044738929091005214,0.9986627597049914
3,LeftToeBase_anim_bind_walk,9,n/a,n/a,n/a,0.9999820411409711,0.005993089376480556,-1.6591041368958583e-05,-0.005991087155477621,0.999712260198427,0.023227218594741247,0.00015578906447134258,-0.023226702062022035,0.9997302116276618
4,LeftUpLeg_anim_bind_walk,9,n/a,n/a,n/a,0.8304841907490342,0.5419569651931363,-0.12875813292591282,-0.5534235411263593,0.8290491784740159,-0.07999902373604449,0.0633907962016758,0.13769570636081882,0.9884439788914253
0,Hips_anim_bind_walk,12,26.07927308284411,122.50762381243864,31.265508097145894,0.9974765768282755,0.02516682189027042,-0.06638606596936493,-0.03509958401530652,0.9876048330530098,-0.15298598933330063,0.061713028453462764,0.1549300642428052,0.9859960331121127
1,LeftFoot_anim_bind_walk,9,n/a,n/a,n/a,0.9863471883880282,0.16408020066947396,0.014032523197802835,-0.1634735897515355,0.9858570818713103,-0.03690798799625041,-0.01988993244780867,0.03411014324874417,0.9992201402667842
2,LeftLeg_anim_bind_walk,9,n/a,n/a,n/a,0.7598943118470627,-0.649968334510935,0.010089546846134572,0.6484154128302244,0.7567972327448985,-0.08255544145526428,0.04602268165468846,0.06927562805738477,0.9965353983329273
3,LeftToeBase_anim_bind_walk,9,n/a,n/a,n/a,0.9999856841164809,0.005350837075648686,-1.0231499693612469e-05,-0.0053506073470259135,0.9999571871413571,0.007549495702558347,5.0627183161562e-05,-0.007549332880119809,0.9999715020989114
4,LeftUpLeg_anim_bind_walk,9,n/a,n/a,n/a,0.8703133116209775,0.47839477642523026,-0.1170178512210053,-0.48904033924330076,0.8675612725022916,-0.09042668326883307,0.05826050298551069,0.13592599583324186,0.9890044678607963
0,Hips_anim_bind_walk,12,26.5206347921079,118.64117910231387,30.6461842011233,0.9964494076386936,0.025093406618320047,-0.08036727543461972,-0.03974815341021035,0.9816868085519856,-0.18630913615680664,0.07422036322313953,0.1888420791542626,0.9791986554441956
1,LeftFoot_anim_bind_walk,9,n/a,n/a,n/a,0.9812384941167773,0.19208596324281163,0.01655295709292958,-0.19117559078349616,0.9805035972932045,-0.04543775064488561,-0.02495818807566706,0.04142074866738651,0.9988300207882285
2,LeftLeg_anim_bind_walk,9,n/a,n/a,n/a,0.7872265904664267,-0.6165892347351746,0.009592229735398916,0.6131188519791466,0.7809408965944519,-0.11923334002713587,0.06602702939234817,0.09974483262277432,0.9928199231253756
3,LeftToeBase_anim_bind_walk,9,n/a,n/a,n/a,0.9999053872600979,0.013755586106155751,-1.9470732207184805e-05,-0.013753872105777566,0.999801226061939,0.014433965745473431,0.00021801452059822936,-0.014432332310466017,0.9998958247006279
4,LeftUpLeg_anim_bind_walk,9,n/a,n/a,n/a,0.9049159867476414,0.4116791800598059,-0.10792270212438312,-0.42160133960806906,0.901770755212233,-0.09519356850460234,0.058132326370308185,0.13164253776513396,0.9895912665750094
0,Hips_anim_bind_walk,12,26.737558113142924,114.98639678481636,30.067189126872115,0.9952254514493559,0.02649814923878547,-0.09393694094627957,-0.04593533959660887,0.9763513008063415,-0.21125359639520747,0.08611762516215817,0.2145599811257543,0.9729068656021223
1,LeftFoot_anim_bind_walk,9,n/a,n/a,n/a,0.9761242550822959,0.21648053717488244,0.017821775010004724,-0.2153489473782553,0.9752106862321,-0.05088170910841987,-0.02839488515754764,0.04582896991195381,0.9985456604550935
2,LeftLeg_anim_bind_walk,9,n/a,n/a,n/a,0.8125553031169059,-0.5828132709446976,0.00908683593643564,0.577365513370527,0.80262431740884,-0.14981077756417013,0.08001839380405475,0.1269759674691876,0.9886729288992812
3,LeftToeBase_anim_bind_walk,9,n/a,n/a,n/a,0.9997812303224578,0.020916283531889335,-2.4044256185351797e-05,-0.02091420092421598,0.9996966376137059,0.013008802541065035,0.0002961327644216974,-0.01300545374312298,0.9999153816590287
4,LeftUpLeg_anim_bind_walk,9,n/a,n/a,n/a,0.9331920883022893,0.3459105278659573,-0.09745990478913419,-0.3549417978954356,0.9296126197498242,-0.09918012557273927,0.056292507820917305,0.1271467023298811,0.9902852466082026
0,Hips_anim_bind_walk,12,26.54446058655327,111.47947072645712,29.547945372418763,0.9942225009937937,0.028644983839280273,-0.10344604109628025,-0.051622560111246274,0.9725640271181377,-0.22683545675954442,0.09411020032497378,0.23086506460830697,0.9684237668181195
1,LeftFoot_anim_bind_walk,9,n/a,n/a,n/a,0.9692688365097145,0.24535205191554801,0.017896736907444085,-0.24410547272802252,0.9682609469403829,-0.05369596646249703,-0.030503126976306808,0.04767713551528847,0.9983969400963347
2,LeftLeg_anim_bind_walk,9,n/a,n/a,n/a,0.828758697551327,-0.5595379094365696,0.008737799287090961,0.5525582408524721,0.815750930470815,-0.17096727728434194,0.08853480501503129,0.14651876104906478,0.9852379615918164
3,LeftToeBase_anim_bind_walk,9,n/a,n/a,n/a,0.999728665031989,0.02329368497452817,-2.3530079631858457e-05,-0.023293626870615952,0.9997276274264327,0.0014414948936186166,5.710139862785594e-05,-0.0014405556647525883,0.9999989607688635
4,LeftUpLeg_anim_bind_walk,9,n/a,n/a,n/a,0.953951420805206,0.2881292228960272,-0.08341605155520339,-0.29570480153112927,0.9500015651380395,-0.1002780962459441,0.05035232959024173,0.12032695935910141,0.9914565375023904
0,Hips_anim_bind_walk,12,25.924803655411978,108.24119383833043,29.06486088509895,0.9938053261514768,0.028466306685069637,-0.10742738522680538,-0.05494635610080551,0.9660849095053503,-0.2523110096236045,0.09660161315526958,0.25665076857424507,0.961664448404977
1,LeftFoot_anim_bind_walk,9,n/a,n/a,n/a,0.9598116429650997,0.28000526477330817,0.018938366557474388,-0.2784440208106943,0.95854838309199,-0.060447700919930514,-0.03507901514309339,0.052745132201571523,0.9979916902087058
2,LeftLeg_anim_bind_walk,9,n/a,n/a,n/a,0.8353247019086077,-0.5496897062086635,0.008594723353808273,0.5397766456218789,0.8170946530963781,-0.202478395693225,0.10427758734497107,0.17377443646734295,0.9792490132790379
3,LeftToeBase_anim_bind_walk,9,n/a,n/a,n/a,0.999902382785314,0.013972279488414814,-1.7497118285110048e-05,-0.013972003743142914,0.9998891037213604,0.005153966501269193,8.950783834946593e-05,-0.005153218915612581,0.9999867180733726
4,LeftUpLeg_anim_bind_walk,9,n/a,n/a,n/a,0.9683522638542813,0.24196614663544921,-0.06120683761378782,-0.2471406650785907,0.9638338921087664,-0.09972823114333694,0.03486236872044371,0.11169875695306217,0.9931304058089956
0,Hips_anim_bind_walk,12,24.971739891083246,105.14950423744558,28.58315524241429,0.9940123719538532,0.025842938380835807,-0.10616754183138401,-0.05575780058875013,0.9555706368780111,-0.2894405389886798,0.09397059154958817,0.29362714532617146,0.9512899807374321
1,LeftFoot_anim_bind_walk,9,n/a,n/a,n/a,0.9481233229351137,0.3172006277099158,0.021116966801923612,-0.3149966967465521,0.946342401410072,-0.07220207983277757,-0.04288642611874765,0.06180470106596689,0.997166452193869
2,LeftLeg_anim_bind_walk,9,n/a,n/a,n/a,0.8369916296286988,-0.5471485889001879,0.008569340466358363,0.531016774195382,0.8083329740566841,-0.2542026525742929,0.1321597421858333,0.21731595596552292,0.9671130119216496
3,LeftToeBase_anim_bind_walk,9,n/a,n/a,n/a,0.9999869905301607,0.005100851035679756,-9.44160145361231e-06,-0.005100783932118936,0.9999805029330884,0.003602187802637701,2.781564075387452e-05,-0.0036020927805151385,0.9999935120558985
4,LeftUpLeg_anim_bind_walk,9,n/a,n/a,n/a,0.9785532679480675,0.20441541632335258,-0.02545268861059113,-0.20592408946797372,0.9739428001113568,-0.09502995047897092,0.005363875925415145,0.09823319032078787,0.995148968323063
0,Hips_anim_bind_walk,12,23.855743134103676,101.9903462566407,28.18919142742,0.9942675926942321,0.024470434732755234,-0.10408242859391038,-0.05792626010791873,0.9414993005833189,-0.3319994207691194,0.08986936356693659,0.3361253706953866,0.9375197238815633
1,LeftFoot_anim_bind_walk,9,n/a,n/a,n/a,0.9357187593038564,0.35191682417615217,0.02418578815385124,-0.34863123195531537,0.933068013556855,-0.08854572932888337,-0.05372771716880269,0.07442197886939039,0.9957784399498681
2,LeftLeg_anim_bind_walk,9,n/a,n/a,n/a,0.8408694081145602,-0.5411713372981047,0.008498363610137269,0.5158201727109918,0.7965259924193844,-0.3153979911551713,0.16391518514607442,0.26959214952831195,0.948921432464897
3,LeftToeBase_anim_bind_walk,9,n/a,n/a,n/a,0.9999999999924545,-2.3223564327677637e-08,-3.88464146474274e-06,2.3223705592953502e-08,0.9999999999999991,3.6365029292182726e-08,3.884641463898211e-06,-3.636511950767804e-08,0.9999999999924541
4,LeftUpLeg_anim_bind_walk,9,n/a,n/a,n/a,0.9863989919019043,0.16354950629171586,0.01638864749279325,-0.16157931139676326,0.9831187340039163,-0.08584684606370092,-0.030152195665570574,0.08203117603858272,0.9961735447472354
0,Hips_anim_bind_walk,12,22.389128905516827,98.66613495619121,28.009117645660446,0.9948293421776594,0.01834156741475432,-0.09989077458471932,-0.05438005787676673,0.9268832987942256,-0.37138949866905746,0.08577522513922471,0.37490123675590126,0.9230881179124835
1,LeftFoot_anim_bind_walk,9,n/a,n/a,n/a,0.9198280918972445,0.3913832032750941,0.027119541861921857,-0.38653387529367006,0.9159203182423308,-0.10808114489273866,-0.0671404841145173,0.08893345166467984,0.9937721049455323
2,LeftLeg_anim_bind_walk,9,n/a,n/a,n/a,0.8414215861845482,-0.5403122182498897,0.008510059492302604,0.5032722777243285,0.7778102705309689,-0.3764680564546046,0.19679107900726964,0.3210512262341081,0.9263905123417069
3,LeftToeBase_anim_bind_walk,9,n/a,n/a,n/a,0.9999999999924543,3.123051923237511e-08,-3.884641464742739e-06,-3.123187345934867e-08,0.9999999999999387,-3.4861048364176717e-07,3.884641453855214e-06,3.4861060496376723e-07,0.9999999999923939
4,LeftUpLeg_anim_bind_walk,9,n/a,n/a,n/a,0.989874581441131,0.12825327855828164,0.060822771687892484,-0.12382484110975081,0.9897087313164784,-0.07172193444178493,-0.06939540143907695,0.06346434979560217,0.9955684579998157
0,Hips_anim_bind_walk,12,20.640289213605868,95.080829469621,28.04113151428251,0.9958967547223309,0.011210423381173283,-0.08979966782312794,-0.045574883360037545,0.9194071241460287,-0.3906577403255284,0.0781830156763491,0.3931473851841619,0.9161454849436348
1,LeftFoot_anim_bind_walk,9,n/a,n/a,n/a,0.9012346983493684,0.4324391288950488,0.027792414281855693,-0.4262975263118957,0.8962895208108361,-0.12221094036558396,-0.07775884227199854,0.09829290251677922,0.9921149468500841
2,LeftLeg_anim_bind_walk,9,n/a,n/a,n/a,0.8421365549435822,-0.5391971426540113,0.00851258958865439,0.4929886583630751,0.7633769417954961,-0.4173940913097969,0.21855938678796274,0.3556994322299455,0.9086857038372311
3,LeftToeBase_anim_bind_walk,9,n/a,n/a,n/a,0.9999999999924548,-8.077935669463161e-28,-3.8846414647427425e-06,9.320040530280924e-12,0.999999999997122,2.399202246796749e-06,3.884641464731562e-06,-2.3992022468148518e-06,0.9999999999895767
4,LeftUpLeg_anim_bind_walk,9,n/a,n/a,n/a,0.9901572772514442,0.09405070828670985,0.10364859177420073,-0.0888911674831871,0.9946125221993054,-0.053331895033009676,-0.108106089789071,0.043593519645747716,0.9931831041632823
0,Hips_anim_bind_walk,12,18.978727504107127,91.24836429337323,28.23057425500745,0.9969635857975058,0.006758386787609431,-0.07757533629839064,-0.03682666000465179,0.9186969166077994,-0.3932426382377982,0.06861053641155357,0.394905431240634,0.9161562610548311
1,LeftFoot_anim_bind_walk,9,n/a,n/a,n/a,0.8856923414494532,0.4634995568633539,0.026781282367725756,-0.4567990089083988,0.8802924155281482,-0.1281402693298354,-0.08296831779715623,0.10125919193383238,0.9913943888739826
