No.,jointName,dimension,rotMtx_00,rotMtx_01,rotMtx_02,rotMtx_10,rotMtx_11,rotMtx_12,rotMtx_20,rotMtx_21,rotMtx_22
0,arm_L_elbow_ik_bind_anim,9,0.40787808683907484,0.0,0.9130363992067873,-0.0,1.0,0.0,-0.9130363992067873,-0.0,0.40787808683907484
1,arm_L_humerus_ik_bind_anim,9,0.430512381572118,0.26412543509129716,0.8630740662602117,-0.18835588755193475,0.9614622673985064,-0.2002807229701498,-0.8827123817742821,-0.0763417507446347,0.46367099128112177
2,arm_L_wirst_ik_bind_anim,9,0.8398557886109008,-0.0258615574548128,-0.5421931705423568,0.24306290353531523,0.911042754565802,0.3330488316720806,0.4853479981021287,-0.4115000354789381,0.7714305163390212
0,arm_L_elbow_ik_bind_anim,9,0.39781242167270336,0.0,0.9174667716941574,-0.0,1.0,0.0,-0.9174667716941574,-0.0,0.39781242167270336
1,arm_L_humerus_ik_bind_anim,9,0.44221089812697967,0.25807017057916126,0.8589815531400967,-0.18342643388525393,0.9634907685538557,-0.19503918135502643,-0.8779545916104482,-0.07131147150874755,0.4734030091807492
2,arm_L_wirst_ik_bind_anim,9,0.8417310754932229,-0.019470657479349947,-0.5395458183012299,0.23559281852274494,0.9124301364297851,0.3346151072429827,0.4857826884621672,-0.4087690541516636,0.7726079471235221
0,arm_L_elbow_ik_bind_anim,9,0.36985736317483986,0.0,0.9290885484739088,-0.0,1.0,0.0,-0.9290885484739088,-0.0,0.36985736317483986
1,arm_L_humerus_ik_bind_anim,9,0.4751357171259365,0.24064319079525429,0.8463668855969619,-0.169557677682123,0.968888461494547,-0.18029238231765302,-0.8634212438029698,-0.05784465322403038,0.5011564145485163
2,arm_L_wirst_ik_bind_anim,9,0.8473828596968902,-0.00048777872430491587,-0.5309821571049602,0.21331115129267858,0.9160708245128073,0.3395770858150138,0.4862516239830079,-0.4010162173133917,0.7763667636018083
0,arm_L_elbow_ik_bind_anim,9,0.3286835563713397,0.0,0.9444401091499071,-0.0,1.0,0.0,-0.9444401091499071,-0.0,0.3286835563713397
1,arm_L_humerus_ik_bind_anim,9,0.5253445516677084,0.21291332400522348,0.8238209869225847,-0.1483333732689533,0.9762787716972837,-0.15772434912814204,-0.8378605566606582,-0.039340518480180324,0.5444648851836111
2,arm_L_wirst_ik_bind_anim,9,0.8569246874596146,0.03168201674985728,-0.5144670347426584,0.17529901392849756,0.9206997469627793,0.34868643744540806,0.48471675825985056,-0.38898358031841884,0.7834165166147098
0,arm_L_elbow_ik_bind_anim,9,0.2802897377172738,0.0,0.9599154457192475,-0.0,1.0,0.0,-0.9599154457192475,-0.0,0.2802897377172738
1,arm_L_humerus_ik_bind_anim,9,0.5882109322388908,0.1762634989848542,0.7892648973065199,-0.12152368945558698,0.9841416954367024,-0.1292173216100499,-0.7995247914203518,-0.01990734107281327,0.6003030948409758
2,arm_L_wirst_ik_bind_anim,9,0.8697966447209251,0.07797097376787611,-0.48721075940696335,0.119936122332846,0.9244087361912607,0.3620549889354333,0.4786116624069887,-0.3733483838226239,0.7946960808416343
0,arm_L_elbow_ik_bind_anim,9,0.23147823940396284,0.0,0.9728400817618699,-0.0,1.0,0.0,-0.9728400817618699,-0.0,0.23147823940396284
1,arm_L_humerus_ik_bind_anim,9,0.6586161849558865,0.13272477725591514,0.7406813447201983,-0.09096293456698355,0.991146129279012,-0.09672173980132251,-0.7469608192195332,-0.003672045424525823,0.6648579176284841
2,arm_L_wirst_ik_bind_anim,9,0.8839411867817001,0.13848707002698635,-0.4466198716428772,0.045977737449296466,0.9247661749292921,0.37774802364233395,0.4653321673493066,-0.35444160752088105,0.8110715880167487
0,arm_L_elbow_ik_bind_anim,9,0.1892623091265201,0.0,0.9819265646391778,-0.0,1.0,0.0,-0.9819265646391778,-0.0,0.1892623091265201
1,arm_L_humerus_ik_bind_anim,9,0.7310963682932516,0.08505488966445586,0.6769518195651634,-0.05840851298230552,0.9963589999228438,-0.062106270890679265,-0.679769479955973,0.005865919954945321,0.7334023759870623
2,arm_L_wirst_ik_bind_anim,9,0.8956038432250619,0.21134934545713513,-0.39143991898545477,-0.04613317835186289,0.919313820535334,0.39081175676773483,0.4424539364223738,-0.3319541437421267,0.8330912078498833
0,arm_L_elbow_ik_bind_anim,9,0.1601977808559597,0.0,0.987084936066206,-0.0,1.0,0.0,-0.987084936066206,-0.0,0.1601977808559597
1,arm_L_humerus_ik_bind_anim,9,0.8001115441115566,0.0365288138058359,0.5987379750286086,-0.025407071081057296,0.9993120856564748,-0.027015480746944768,-0.5993129380536535,0.0064032197248738406,0.8004892260728138
2,arm_L_wirst_ik_bind_anim,9,0.9002518513677521,0.2918628505285058,-0.3230521329295164,-0.15274360119315414,0.9065867608199416,0.3934079783132932,0.4076959607397178,-0.3048221146626028,0.8607365926978692
0,arm_L_elbow_ik_bind_anim,9,0.14968185212949503,0.0,0.988734212588542,-0.0,1.0,0.0,-0.988734212588542,-0.0,0.14968185212949503
1,arm_L_humerus_ik_bind_anim,9,0.8606236132500307,-0.009532319569369969,0.509152365407536,0.006798651280009361,0.9999507572055758,0.0072292119050498035,-0.5091962044803894,-0.0027600810898763613,0.8606460406550087
2,arm_L_wirst_ik_bind_anim,9,0.8947574801045655,0.37251935490796734,-0.24624861830247907,-0.26579435331371604,0.8874004390772207,0.37666141622430493,0.35883479979437843,-0.2715691273773725,0.8930217217470249
0,arm_L_elbow_ik_bind_anim,9,0.16130442113353638,0.0,0.9869046983993819,-0.0,1.0,0.0,-0.9869046983993819,-0.0,0.16130442113353638
1,arm_L_humerus_ik_bind_anim,9,0.9089820383955245,-0.05039666925719933,0.41377751219960923,0.03730428599808879,0.9985163915501787,0.039666182722603804,-0.41516267187753053,-0.020620172971889845,0.9095134767259467
2,arm_L_wirst_ik_bind_anim,9,0.8800319227135628,0.4441249422702763,-0.16821667770614662,-0.37299772203700743,0.8656149467694935,0.3340411101712638,0.29396685928905864,-0.23122240285636417,0.927426377701786
0,arm_L_elbow_ik_bind_anim,9,0.19636784150886866,0.0,0.9805303008174443,-0.0,1.0,0.0,-0.9805303008174443,-0.0,0.19636784150886866
1,arm_L_humerus_ik_bind_anim,9,0.9437428065552971,-0.08449970983263314,0.3197019144661663,0.0655240746247725,0.9954156549201876,0.069672588471947,-0.32412360407674473,-0.04480483208332379,0.944953129156302
2,arm_L_wirst_ik_bind_anim,9,0.8620807439256775,0.4977643944504067,-0.09511781415681556,-0.4601158138787728,0.8474677813208824,0.2647485551268136,0.21239168715188697,-0.18446942088183865,0.9596149248465731
0,arm_L_elbow_ik_bind_anim,9,0.25367787024643207,0.0,0.9672887563428174,-0.0,1.0,0.0,-0.9672887563428174,-0.0,0.25367787024643207
1,arm_L_humerus_ik_bind_anim,9,0.9658478921838423,-0.11167344227155372,0.2338095195992903,0.09113587846348462,0.9911122535029016,0.0969058956570181,-0.24255329480491067,-0.07228791909871164,0.9674411382258149
2,arm_L_wirst_ik_bind_anim,9,0.8495538699098589,0.5267597494072449,-0.02797120886910419,-0.5146593856396078,0.8393339958255751,0.1750547349389182,0.1156889748171532,-0.13432278234123224,0.9841612933101291
0,arm_L_elbow_ik_bind_anim,9,0.3296410406672765,0.0,0.9441063416309601,-0.0,1.0,0.0,-0.9441063416309601,-0.0,0.3296410406672765
1,arm_L_humerus_ik_bind_anim,9,0.977943669298916,-0.1328864060386709,0.1611439814833244,0.11401238522735728,0.9860549100734958,0.12123073180806311,-0.17500673042183604,-0.10018441700222314,0.9794568530042472
2,arm_L_wirst_ik_bind_anim,9,0.8484411852983218,0.5278769983231338,0.038644918565536104,-0.5292303106320876,0.844988345975791,0.07687635184737295,0.007926752036162842,-0.08567712533958634,0.9962914216210547
0,arm_L_elbow_ik_bind_anim,9,0.41862138905899593,0.0,0.908160851734051,-0.0,1.0,0.0,-0.908160851734051,-0.0,0.41862138905899593
1,arm_L_humerus_ik_bind_anim,9,0.9832444050391212,-0.1496520338176742,0.10408990697228143,0.13415435198991157,0.9806396819945491,0.14264790198175561,-0.12342224192353424,-0.12629363749557357,0.9842849523012659
2,arm_L_wirst_ik_bind_anim,9,0.8576351747539658,0.5016569641225556,0.11314679567745273,-0.5033320373473995,0.863957046614779,-0.015332376997208306,-0.10544556512461996,-0.04380082136226779,0.9934599744547036
0,arm_L_elbow_ik_bind_anim,9,0.5134739795956497,0.0,0.8581051638803987,-0.0,1.0,0.0,-0.8581051638803987,-0.0,0.5134739795956497
1,arm_L_humerus_ik_bind_anim,9,0.9845790362722787,-0.16341668593302974,0.062442838595121244,0.15163400603738644,0.9751977537605718,0.16123420627580562,-0.08724247558503082,-0.1492793616646343,0.9849387913138533
2,arm_L_wirst_ik_bind_anim,9,0.86904168394019,0.4521460447657856,0.20082456467537838,-0.44365387573927856,0.8918560185113719,-0.08811402150940735,-0.21894700298454836,-0.012521838830607531,0.9756564013198419
0,arm_L_elbow_ik_bind_anim,9,0.606197561587476,0.0,0.7953140991617076,-0.0,1.0,0.0,-0.7953140991617076,-0.0,0.606197561587476
1,arm_L_humerus_ik_bind_anim,9,0.9839600425106425,-0.1751375342604107,0.03390396489553634,0.16655049020561918,0.9699991094771293,0.17709506437460112,-0.06390280866067045,-0.16860774509719179,0.9836096071808763
2,arm_L_wirst_ik_bind_anim,9,0.8724814653821461,0.3862409561984715,0.29932259573829934,-0.3629014904366549,0.922372112796295,-0.13240919067252582,-0.32722866745362855,0.006899948593232175,0.9449199912722417
0,arm_L_elbow_ik_bind_anim,9,0.6886801364648426,0.0,0.7250652864665122,-0.0,1.0,0.0,-0.7250652864665122,-0.0,0.6886801364648426
1,arm_L_humerus_ik_bind_anim,9,0.9826175802950532,-0.1850736398502629,0.014506506390923286,0.1789954306607757,0.9652646916726788,0.19032790339992636,-0.04922729626597591,-0.18442294554263963,0.9816133915446134
2,arm_L_wirst_ik_bind_anim,9,0.8622285003275518,0.3127834894275631,0.3984074572148701,-0.2769778760214036,0.9496951462257548,-0.14615876788586518,-0.4240816777668814,0.015672203953489307,0.9054883282547972
0,arm_L_elbow_ik_bind_anim,9,0.7534834007228152,0.0,0.6574669306019745,-0.0,1.0,0.0,-0.6574669306019745,-0.0,0.7534834007228152
1,arm_L_humerus_ik_bind_anim,9,0.9812536303514802,-0.19271695930844396,-0.0012192280132108486,0.18902475050260567,0.9611824927958262,0.20099218701290072,-0.037562702504855834,-0.19745477744969545,0.9795920856370895
2,arm_L_wirst_ik_bind_anim,9,0.8413868708214696,0.241699474383196,0.4833730419584262,-0.20111149277855256,0.9702120363386455,-0.13506580624273865,-0.5016196777257027,0.016430722032387792,0.864932211385295
0,arm_L_elbow_ik_bind_anim,9,0.7944405755661601,0.0,0.6073418904489531,-0.0,1.0,0.0,-0.6073418904489531,-0.0,0.7944405755661601
1,arm_L_humerus_ik_bind_anim,9,0.9802325868316335,-0.19682621447942486,-0.02008773275070026,0.19663170329042104,0.9579254755577288,0.20908074167317992,-0.021910019955991428,-0.20889764137299058,0.9776920407031701
2,arm_L_wirst_ik_bind_anim,9,0.8218530625214308,0.18359660121656388,0.539304952365423,-0.14670381130180218,0.9829265382338679,-0.11105589666969437,-0.5504866350545401,0.01215353682310744,0.8347555068216196
0,arm_L_elbow_ik_bind_anim,9,0.8065193548279123,0.0,0.5912076879472798,-0.0,1.0,0.0,-0.5912076879472798,-0.0,0.8065193548279123
1,arm_L_humerus_ik_bind_anim,9,0.9794306756153677,-0.19565929617017092,-0.04932536351429939,0.2017146359928886,0.9556710653147409,0.214485478637703,0.00517274490777216,-0.22002330499831482,0.9754809008728658
2,arm_L_wirst_ik_bind_anim,9,0.8191496573967321,0.14998957754900488,0.5536216807653829,-0.12091285788868811,0.9886698355553456,-0.08894963215300976,-0.5606905738319545,0.005923081093221922,0.828004225548612
0,arm_L_elbow_ik_bind_anim,9,0.8030156791073453,0.0,0.5959579004491585,-0.0,1.0,0.0,-0.5959579004491585,-0.0,0.8030156791073453
1,arm_L_humerus_ik_bind_anim,9,0.978093462985091,-0.1900049823784513,-0.08503695865443729,0.2043084842273809,0.954496351633941,0.21724354533611823,0.03989011078628527,-0.2298582636949571,0.9724062719216683
2,arm_L_wirst_ik_bind_anim,9,0.8326019979153343,0.13108883607064864,0.5381353269624997,-0.111201217768434,0.9913685655429546,-0.06944534844121539,-0.5425939570564815,-0.002020967824361883,0.8399926865484256
0,arm_L_elbow_ik_bind_anim,9,0.8003521069522292,0.0,0.5995302368497584,-0.0,1.0,0.0,-0.5995302368497584,-0.0,0.8003521069522292
1,arm_L_humerus_ik_bind_anim,9,0.9760188906328566,-0.18208694495935626,-0.11929572332307761,0.20463950948539977,0.9543452505934987,0.21759552804965251,0.07422800203011605,-0.23678996419823303,0.9687211758651798
2,arm_L_wirst_ik_bind_anim,9,0.852059564251352,0.10978058677110447,0.5118034014501939,-0.10139530030849594,0.9938560531078241,-0.044374979169436043,-0.5135304197836251,-0.01408433417417962,0.8579557911033201
0,arm_L_elbow_ik_bind_anim,9,0.7984021308364063,0.0,0.6021246029484977,-0.0,1.0,0.0,-0.6021246029484977,-0.0,0.7984021308364063
1,arm_L_humerus_ik_bind_anim,9,0.9732181688479291,-0.17225112119823047,-0.15223648403137782,0.20278948754638984,0.9551862779303978,0.21562837984399263,0.10827197035685661,-0.24072541556600355,0.9645353569131714
2,arm_L_wirst_ik_bind_anim,9,0.8757143113010537,0.08775641022339496,0.47478759192635217,-0.09167873480778642,0.995676579172393,-0.014938516378976235,-0.4740458359342107,-0.030446053147568868,0.879973626469095
0,arm_L_elbow_ik_bind_anim,9,0.7970978202638881,0.0,0.6038502007373668,-0.0,1.0,0.0,-0.6038502007373668,-0.0,0.7970978202638881
1,arm_L_humerus_ik_bind_anim,9,0.969686467663134,-0.16083537857347896,-0.18395688470432173,0.19883213870952685,0.9569572392445371,0.21142048830155724,0.1420349782525026,-0.24158812730885418,0.9599277273296214
2,arm_L_wirst_ik_bind_anim,9,0.9015732329124861,0.06681878853009926,0.4274353228210065,-0.08220159946505756,0.9964600704319048,0.017613207550852387,-0.424745338692627,-0.05101546367733056,0.9038743384589877
0,arm_L_elbow_ik_bind_anim,9,0.7964123249127818,0.0,0.6047540067887254,-0.0,1.0,0.0,-0.6047540067887254,-0.0,0.7964123249127818
1,arm_L_humerus_ik_bind_anim,9,0.9654142385497552,-0.1481690742286835,-0.2145256941431758,0.19283482569312788,0.9595686014733166,0.20504348091671787,0.1754710175650028,-0.239319920835601,0.9549533483296156
2,arm_L_wirst_ik_bind_anim,9,0.9275776427935974,0.04876421780801335,0.37043456595064944,-0.0731374040530355,0.9959638225655272,0.052028686981760476,-0.3664022880903671,-0.07535326935333077,0.9274002631441872
0,arm_L_elbow_ik_bind_anim,9,0.7963437313433734,0.0,0.6048443283607056,-0.0,1.0,0.0,-0.6048443283607056,-0.0,0.7963437313433734
1,arm_L_humerus_ik_bind_anim,9,0.9603952216136568,-0.13457134162265907,-0.24399092670739303,0.18486102024593604,0.9629063629321583,0.19656484787060574,0.20848842053046132,-0.2338843522740252,0.9496476653296596
2,arm_L_wirst_ik_bind_anim,9,0.9517274402199176,0.03524988863453169,0.3049136351226297,-0.06472815640114639,0.9940933683273491,0.08711280512355365,-0.30004190590874436,-0.10264414449367588,0.9483875970824427
0,arm_L_elbow_ik_bind_anim,9,0.7969005778260663,0.0,0.6041104775291368,-0.0,1.0,0.0,-0.6041104775291368,-0.0,0.7969005778260663
1,arm_L_humerus_ik_bind_anim,9,0.9546314569704851,-0.12034840070058414,-0.2723876719149025,0.17497333711830387,0.9668346777767067,0.1860511680858139,0.24096288647858882,-0.2252708776056574,0.9440285583829992
2,arm_L_wirst_ik_bind_anim,9,0.9722094441157219,0.027659227056616144,0.23247314668758962,-0.057312465023274,0.990900212086251,0.12178690832917473,-0.22698915860709074,-0.13172599153566228,0.9649477628497781
0,arm_L_elbow_ik_bind_anim,9,0.79808923457442,0.0,0.6025392714640402,-0.0,1.0,0.0,-0.6025392714640402,-0.0,0.79808923457442
1,arm_L_humerus_ik_bind_anim,9,0.9481355515123538,-0.10579032128762764,-0.2997455318769987,0.16323695135412575,0.9711985110108122,0.1735717428701805,0.2727502037963953,-0.21349908695880127,0.9380967253949792
2,arm_L_wirst_ik_bind_anim,9,0.9875226922117971,0.026985819993722123,0.15514734250392553,-0.051333935369212595,0.9865570301322385,0.15514526540042087,-0.148874979248608,-0.16117379382493904,0.9756327427561062
0,arm_L_elbow_ik_bind_anim,9,0.7999033080608293,0.0,0.6001289009482397,-0.0,1.0,0.0,-0.6001289009482397,-0.0,0.7999033080608293
1,arm_L_humerus_ik_bind_anim,9,0.9409304494516251,-0.09116775237459313,-0.32609558448670817,0.1497232126627675,0.9758265947230839,0.15920243911790408,0.30369861521696584,-0.19862250113749733,0.9318348851364078
2,arm_L_wirst_ik_bind_anim,9,0.996589233646048,0.03375499527459088,0.07530272023502932,-0.04732965945354362,0.981314209613393,0.1865002020021785,-0.06760031595188248,-0.18942814549283363,0.979564788555791
0,arm_L_elbow_ik_bind_anim,9,0.8023151960907031,0.0,0.5969005998672949,-0.0,1.0,0.0,-0.5969005998672949,-0.0,0.8023151960907031
1,arm_L_humerus_ik_bind_anim,9,0.933046995456655,-0.07672916637078439,-0.35147679766572526,0.13451325364067582,0.9805349250768693,0.14302952597102858,0.3336607391712545,-0.18073155710208008,0.9252062556009604
2,arm_L_wirst_ik_bind_anim,9,0.998837277521296,0.047997590779941465,-0.004508249457024363,-0.04590123993296714,0.9754445261816111,0.2154090353605166,0.014736661985051653,-0.2149516401929824,0.9765135038348856
0,arm_L_elbow_ik_bind_anim,9,0.8052698865382094,0.0,0.5929084329259784,-0.0,1.0,0.0,-0.5929084329259784,-0.0,0.8052698865382094
1,arm_L_humerus_ik_bind_anim,9,0.9245196467610741,-0.06269915546243861,-0.37594180222087,0.117701364340856,0.9851309809277615,0.1251532630361965,0.36250491249785816,-0.15995551356737686,0.918152722641673
2,arm_L_wirst_ik_bind_anim,9,0.9942448830545927,0.06928217859649717,-0.08171347654262454,-0.047673197988799036,0.969184599145541,0.241678461954345,0.09593945337179983,-0.236392031397042,0.966909731453097
0,arm_L_elbow_ik_bind_anim,9,0.8086810477744961,0.0,0.5882473654597554,-0.0,1.0,0.0,-0.5882473654597554,-0.0,0.8086810477744961
1,arm_L_humerus_ik_bind_anim,9,0.9153807705065582,-0.04927825166731672,-0.3995618836919163,0.09939788409592301,0.9894187578467866,0.10569097529200608,0.3901257561659744,-0.1364630922027439,0.9105930588591109
2,arm_L_wirst_ik_bind_anim,9,0.9833363223109597,0.0968019647206139,-0.15388000796135118,-0.053245387032138505,0.9626819992065092,0.26534561832364295,0.1738234908858819,-0.252730583883288,0.9517944347317114
0,arm_L_elbow_ik_bind_anim,9,0.8124293996796309,0.0,0.5830595771756044,-0.0,1.0,0.0,-0.5830595771756044,-0.0,0.8124293996796309
1,arm_L_humerus_ik_bind_anim,9,0.905654039579975,-0.03664461739130984,-0.4224309796981247,0.07973135422664203,0.9932045984127863,0.08477934208804233,0.4164536849946926,-0.11046174771358674,0.9024214816516732
2,arm_L_wirst_ik_bind_anim,9,0.9671288736270515,0.12950291460545582,-0.2188395231798011,-0.06314683472572381,0.9559553946287686,0.2866387286189316,0.24632137353667222,-0.2633975675454263,0.9327097631901147
0,arm_L_elbow_ik_bind_anim,9,0.8163632821614212,0.0,0.5775387359637723,-0.0,1.0,0.0,-0.5775387359637723,-0.0,0.8163632821614212
1,arm_L_humerus_ik_bind_anim,9,0.8953474988529682,-0.024957766834875328,-0.44466837775172396,0.0588496940792063,0.9963036694850418,0.0625756476388734,0.44146298803469103,-0.08219554759995586,0.8935067555145991
2,arm_L_wirst_ik_bind_anim,9,0.947033818071463,0.16623235038528236,-0.2747612656732601,-0.0777981004755164,0.948872221052873,0.30592313360808293,0.3115676539555873,-0.26834364870362076,0.9115466434632071
0,arm_L_elbow_ik_bind_anim,9,0.8203012590337035,0.0,0.5719316781117487,-0.0,1.0,0.0,-0.5719316781117487,-0.0,0.8203012590337035
1,arm_L_humerus_ik_bind_anim,9,0.8844468995685609,-0.01436423462787993,-0.46641971507121693,0.03692021727573433,0.9985468055272183,0.039257798304284955,0.46517800829346234,-0.05194175521622818,0.8836919568861001
2,arm_L_wirst_ik_bind_anim,9,0.9247204721111588,0.20588363715175853,-0.32016242192312105,-0.09748781977297982,0.9411447175428136,0.323639839385031,0.36795131940846004,-0.2680644485835835,0.89036693444397
0,arm_L_elbow_ik_bind_anim,9,0.8240365196920267,0.0,0.5665366839083343,-0.0,1.0,0.0,-0.5665366839083343,-0.0,0.8240365196920267
1,arm_L_humerus_ik_bind_anim,9,0.8729098811127837,-0.00500482014797203,-0.48785580987721366,0.014128399750780757,0.9997873260909029,0.015023012630116472,0.48767686819875694,-0.02000635807159699,0.8727949460558094
2,arm_L_wirst_ik_bind_anim,9,0.9019551215754328,0.2475129431529941,-0.35385632908793513,-0.1223668600552439,0.932341634716588,0.3402431891077626,0.4141295814404795,-0.2635837990957393,0.8712176941673018
0,arm_L_elbow_ik_bind_anim,9,0.8273427863395078,0.0,0.5616973507966543,-0.0,1.0,0.0,-0.5616973507966543,-0.0,0.8273427863395078
1,arm_L_humerus_ik_bind_anim,9,0.8606615097415266,0.002977271168643502,-0.5091688339891044,-0.00932455635951314,0.9999073707121551,-0.009914768993934788,0.5090921510867499,0.013281033540097385,0.8606095490116135
2,arm_L_wirst_ik_bind_anim,9,0.880427142347294,0.29040774625424043,-0.37484848663654813,-0.1524607956599166,0.9219103075923264,0.35614195279658784,0.44900306547385943,-0.256407343246161,0.8559506536737516
0,arm_L_elbow_ik_bind_anim,9,0.829996824459364,0.0,0.5577681161444886,-0.0,1.0,0.0,-0.5577681161444886,-0.0,0.829996824459364
1,arm_L_humerus_ik_bind_anim,9,0.8475974420599222,0.009428886584042954,-0.5305560029923908,-0.033225158398335834,0.9988232993304592,-0.0353285375301795,0.5295985886148886,0.04757218528090823,0.846913349832624
2,arm_L_wirst_ik_bind_anim,9,0.8615784630699204,0.33409414252518793,-0.38218275197140095,-0.18770447419251243,0.9092010029617826,0.37164575415494916,0.47164561096461644,-0.2484645651670433,0.8460589681069315
0,arm_L_elbow_ik_bind_anim,9,0.8317253453271803,0.0,0.5551873106802628,-0.0,1.0,0.0,-0.5551873106802628,-0.0,0.8317253453271803
1,arm_L_humerus_ik_bind_anim,9,0.8335600724452829,0.014178430415001116,-0.5522468449307627,-0.05735167967289599,0.996489797260706,-0.06098252859642977,0.549443710004685,0.0825048851055731,0.831447264395045
2,arm_L_wirst_ik_bind_anim,9,0.8464059343682421,0.3782637125318521,-0.37485138128042633,-0.22795896180200742,0.8934980729921436,0.38690555086930056,0.4812813169035072,-0.24202842258905535,0.842490674523273
0,arm_L_elbow_ik_bind_anim,9,0.8323048033978236,0.0,0.5543182427459069,-0.0,1.0,0.0,-0.5543182427459069,-0.0,0.8323048033978236
1,arm_L_humerus_ik_bind_anim,9,0.8183736475098826,0.017033561537803287,-0.5744340091278617,-0.08147828222374097,0.9929025067866473,-0.0866366062508244,0.5688812376825577,0.11770501177999956,0.8139531114349469
2,arm_L_wirst_ik_bind_anim,9,0.8353272164663437,0.4226424631975513,-0.3515704619744053,-0.2730896616509728,0.874030063241217,0.40186252033489184,0.47712731857434804,-0.23967644200642807,0.8455203871091412
0,arm_L_elbow_ik_bind_anim,9,0.8296834655429213,0.0,0.5582341327836271,-0.0,1.0,0.0,-0.5582341327836271,-0.0,0.8296834655429213
1,arm_L_humerus_ik_bind_anim,9,0.8003427722585559,0.0178117323437045,-0.5992780565684057,-0.10782992071116354,0.9875356068631912,-0.11465658889384808,0.5897661868002552,0.15638467753672333,0.792287622987272
2,arm_L_wirst_ik_bind_anim,9,0.8230863565433959,0.4696889543702352,-0.3192508979074498,-0.3269473507562104,0.8515356589055985,0.40986882224158483,0.464364382253434,-0.23297920026217672,0.8544509422661919
0,arm_L_elbow_ik_bind_anim,9,0.8230293360378301,0.0,0.5679988662146502,-0.0,1.0,0.0,-0.5679988662146502,-0.0,0.8230293360378301
1,arm_L_humerus_ik_bind_anim,9,0.7784432003918963,0.015840688236144523,-0.627515144327073,-0.13946890733849848,0.9790586956066049,-0.1482986663557662,0.6120250057386767,0.20296093996948972,0.7643508678593058
2,arm_L_wirst_ik_bind_anim,9,0.8053001596751177,0.5202010964225897,-0.2843984390040942,-0.3908067589042197,0.8265018575961729,0.40517250225657564,0.4458270180484905,-0.21514064857857795,0.8688801823653132
0,arm_L_elbow_ik_bind_anim,9,0.8139408683751098,0.0,0.5809477281036326,-0.0,1.0,0.0,-0.5809477281036326,-0.0,0.8139408683751098
1,arm_L_humerus_ik_bind_anim,9,0.7537522182469706,0.01012648902899048,-0.6570807010616861,-0.17759274482039086,0.9658166094095594,-0.18883615643139479,0.6327072075414748,0.2590284370654473,0.7297848027442753
2,arm_L_wirst_ik_bind_anim,9,0.7835430695385207,0.5710885445835441,-0.24478180574463035,-0.4602748464386591,0.7981337520671961,0.3887538804269461,0.41738150883097513,-0.19193850071465307,0.8882298621580957
0,arm_L_elbow_ik_bind_anim,9,0.8038937547333695,0.0,0.5947729239808119,-0.0,1.0,0.0,-0.5947729239808119,-0.0,0.8038937547333695
1,arm_L_humerus_ik_bind_anim,9,0.7277493845092544,-0.00035824299074843635,-0.685843061500487,-0.22358071081631284,0.9452478096104029,-0.23773566029859258,0.6483768187537811,0.32635325965691697,0.6878234154301751
2,arm_L_wirst_ik_bind_anim,9,0.7600221424579314,0.6189346705602178,-0.19820750881884036,-0.530210547925453,0.7668797185714371,0.36162449047649453,0.37582325346131357,-0.16975090816342678,0.9110112575239917
0,arm_L_elbow_ik_bind_anim,9,0.7942670348054084,0.0,0.6075688252547394,-0.0,1.0,0.0,-0.6075688252547394,-0.0,0.7942670348054084
1,arm_L_humerus_ik_bind_anim,9,0.7024573818439281,-0.016519805786115782,-0.7115340629300629,-0.2788025805118124,0.9134464075918493,-0.2964536752302108,0.6548455908020822,0.40662360540717996,0.6370514074489892
2,arm_L_wirst_ik_bind_anim,9,0.7376806874400764,0.6599299873765471,-0.14254688751118433,-0.5948247385936649,0.7351456287803387,0.32518369399792885,0.319391192325202,-0.1550913158315148,0.934845415038623
0,arm_L_elbow_ik_bind_anim,9,0.7862742364939586,0.0,0.6178776780446456,-0.0,1.0,0.0,-0.6178776780446456,-0.0,0.7862742364939586
1,arm_L_humerus_ik_bind_anim,9,0.6805280326910702,-0.0387944758477341,-0.7316943250875472,-0.3440968457314411,0.8647126021180427,-0.36588177939864175,0.6468994956554646,0.5007665168338865,0.5751121091915579
2,arm_L_wirst_ik_bind_anim,9,0.7200728053411959,0.6897304456751384,-0.07594120960871553,-0.6480583495865493,0.7075820767616855,0.2816877352260446,0.2480232459654096,-0.15362134276979564,0.9564961853067616
0,arm_L_elbow_ik_bind_anim,9,0.7809052411843244,0.0,0.6246495051553729,-0.0,1.0,0.0,-0.6246495051553729,-0.0,0.7809052411843244
1,arm_L_humerus_ik_bind_anim,9,0.6651694561456788,-0.06645785796154596,-0.7437290822107367,-0.4186697788813603,0.791538975679024,-0.44517599467225777,0.6182759989376061,0.6074943646620636,0.4986836532728348
2,arm_L_wirst_ik_bind_anim,9,0.7108099410186783,0.703379187214638,0.002635667334518741,-0.6841949414212734,0.690544031830288,0.23457668732657658,0.16317631532352775,-0.16854275154050785,0.9720940443293495
0,arm_L_elbow_ik_bind_anim,9,0.7788752494443503,0.0,0.627178878632724,-0.0,1.0,0.0,-0.627178878632724,-0.0,0.7788752494443503
1,arm_L_humerus_ik_bind_anim,9,0.6595789063104087,-0.09661742433433901,-0.7453997180475476,-0.49838825805503384,0.6861276267404836,-0.5299415289032746,0.5626409250874256,0.7210367210749185,0.4044023198230893
2,arm_L_wirst_ik_bind_anim,9,0.7122908062048061,0.6958051168874065,0.09217942671447833,-0.6986489350076743,0.6902705518371582,0.18819200535375333,0.06731621653620797,-0.19844849351841243,0.9777968717538029
0,arm_L_elbow_ik_bind_anim,9,0.7805886214714838,0.0,0.6250451215946322,-0.0,1.0,0.0,-0.6250451215946322,-0.0,0.7805886214714838
1,arm_L_humerus_ik_bind_anim,9,0.6655103163184786,-0.12357226726176351,-0.7360882512562376,-0.5744991793329937,0.5447817698194521,-0.6108711126073179,0.47649418865228094,0.8294231236444839,0.29156572182688356
2,arm_L_wirst_ik_bind_anim,9,0.7238283281039543,0.66382307106154,0.18817938718323926,-0.6890162855451295,0.7098258428165993,0.14630048230712323,-0.036456956645154956,-0.23555509588232143,0.9711769597329024
0,arm_L_elbow_ik_bind_anim,9,0.7861220656646569,0.0,0.6180712724881596,-0.0,1.0,0.0,-0.6180712724881596,-0.0,0.7861220656646569
1,arm_L_humerus_ik_bind_anim,9,0.6813892228356426,-0.1401052596195475,-0.718386555574628,-0.6353608821938477,0.3740321509038237,-0.6755860414988715,0.3633528263015091,0.9167717634816195,0.16584407526802647
2,arm_L_wirst_ik_bind_anim,9,0.7405567592600968,0.6096723809254676,0.2826221404116362,-0.6563552236111403,0.7464458435446552,0.1096194466929942,-0.1441301729429096,-0.2666799403621873,0.9529471667704706
0,arm_L_elbow_ik_bind_anim,9,0.7952292338995222,0.0,0.6063088862548355,-0.0,1.0,0.0,-0.6063088862548355,-0.0,0.7952292338995222
1,arm_L_humerus_ik_bind_anim,9,0.7019412613727417,-0.1412335006538799,-0.6980913721537422,-0.6723321945113314,0.19206816997861506,-0.7148980614777485,0.23504868816060476,0.971165751236171,0.039864744071202544
2,arm_L_wirst_ik_bind_anim,9,0.7552335537798771,0.542936381682576,0.3672088842749447,-0.6057390035800859,0.7921617936726719,0.07456508691807377,-0.25040474992863504,-0.27874679924750234,0.9271449094518345
0,arm_L_elbow_ik_bind_anim,9,0.8073669986447899,0.0,0.5900495991857836,-0.0,1.0,0.0,-0.5900495991857836,-0.0,0.8073669986447899
1,arm_L_humerus_ik_bind_anim,9,0.7207401164887887,-0.12726513282498372,-0.6814229747012985,-0.6849422954706211,0.020582383004648652,-0.7283065408090786,0.10671333730684092,0.9916551575406084,-0.07233472308613041
2,arm_L_wirst_ik_bind_anim,9,0.76227404310547,0.47692708615719154,0.43758294950472065,-0.5446808245318541,0.8378867871089265,0.03561644810449355,-0.3496585228404131,-0.2654925356349804,0.8984723874038473
0,arm_L_elbow_ik_bind_anim,9,0.8217422363916366,0.0,0.5698593659229193,-0.0,1.0,0.0,-0.5698593659229193,-0.0,0.8217422363916366
1,arm_L_humerus_ik_bind_anim,9,0.7334689084974252,-0.10280486193309846,-0.671903654276796,-0.6796461570799887,-0.12578463139491025,-0.7226751190343069,-0.010220637651292552,0.9867164673135657,-0.162130045636945
2,arm_L_wirst_ik_bind_anim,9,0.760072701916326,0.42207369423143737,0.49410857555748094,-0.4802088296504972,0.8770909759914113,-0.010530895504800587,-0.43782298675071346,-0.22927105458879998,0.8693364226813599
0,arm_L_elbow_ik_bind_anim,9,0.8373938275852353,0.0,0.5466000160283105,-0.0,1.0,0.0,-0.5466000160283105,-0.0,0.8373938275852353
1,arm_L_humerus_ik_bind_anim,9,0.7389479032133155,-0.07344583686731034,-0.6697474937493272,-0.6646375230138769,-0.24250576487539455,-0.7067162917353599,-0.11051225877079326,0.9673658372348388,-0.22801398556298458
2,arm_L_wirst_ik_bind_anim,9,0.7501033487300937,0.3826479461877913,0.5393751157609746,-0.41714178630242305,0.9066491392798106,-0.0630877829979965,-0.5131643950473602,-0.1776735419848545,0.8396990032947717
0,arm_L_elbow_ik_bind_anim,9,0.8532064139095705,0.0,0.521573403523963,-0.0,1.0,0.0,-0.521573403523963,-0.0,0.8532064139095705
1,arm_L_humerus_ik_bind_anim,9,0.7381962847752546,-0.04366158386155628,-0.6731715318094725,-0.6463096364532995,-0.33166465327769834,-0.6872280637414251,-0.19326173695694454,0.9423864514417026,-0.2730525172334075
2,arm_L_wirst_ik_bind_anim,9,0.735082334731234,0.3579265174225455,0.5757973335226957,-0.3583321488493298,0.9260801598402455,-0.11821001925085349,-0.5755449871791952,-0.11943259888336026,0.8090017441618198
0,arm_L_elbow_ik_bind_anim,9,0.8680864695368279,0.0,0.49641301494530343,-0.0,1.0,0.0,-0.49641301494530343,-0.0,0.8680864695368279
1,arm_L_humerus_ik_bind_anim,9,0.7332074782094853,-0.01637488102010093,-0.6798078089940308,-0.6285774997916058,-0.3977027264423121,-0.6683732999874288,-0.25941688582939415,0.917368194702612,-0.3018914949028044
2,arm_L_wirst_ik_bind_anim,9,0.7178136220143232,0.3447077425101505,0.6049133626431425,-0.30570265489147747,0.9366479398777261,-0.17098691036191582,-0.6255313667938488,-0.062186887495414546,0.7777167223228854
0,arm_L_elbow_ik_bind_anim,9,0.8809889121850044,0.0,0.47313691105966627,-0.0,1.0,0.0,-0.47313691105966627,-0.0,0.8809889121850044
1,arm_L_humerus_ik_bind_anim,9,0.7262016519367638,0.0065791774093041395,-0.6874502710370636,-0.6135252890315915,-0.44497476939821623,-0.6523681279137618,-0.31019007147717886,0.8955189383947284,-0.3191049208855319
2,arm_L_wirst_ik_bind_anim,9,0.7008843737744135,0.33919777347046337,0.6274599310486115,-0.26106940389179417,0.9406410444515473,-0.2168805935179206,-0.663779979323293,-0.01180237119321641,0.7478347699082907
0,arm_L_elbow_ik_bind_anim,9,0.8910000544209332,0.0,0.4540031971494188,-0.0,1.0,0.0,-0.4540031971494188,-0.0,0.8910000544209332
1,arm_L_humerus_ik_bind_anim,9,0.7192753348850788,0.02398639097533101,-0.6943109142696346,-0.6021892170639352,-0.47682875509803924,-0.6403143643270695,-0.3464262395920411,0.8786688746960561,-0.3285268165043536
2,arm_L_wirst_ik_bind_anim,9,0.6866122753193573,0.33797562927498465,0.6436894106608817,-0.22648027411364074,0.9407530983157489,-0.2523693591677264,-0.6908475004066997,0.02749694574851638,0.7224774385102402
0,arm_L_elbow_ik_bind_anim,9,0.8973825657939413,0.0,0.44125336328359327,-0.0,1.0,0.0,-0.44125336328359327,-0.0,0.8973825657939413
1,arm_L_humerus_ik_bind_anim,9,0.7142168332742105,0.034947763594109,-0.6990514779953826,-0.5951114312078255,-0.4953999629083501,-0.632788480612739,-0.3684246184954693,0.8679617103134074,-0.33302517910256024
2,arm_L_wirst_ik_bind_anim,9,0.6769927899468716,0.3383945056356864,0.6535823750037404,-0.20417067832074293,0.9395272826225542,-0.2749596685369088,-0.7071033138615591,0.0527033562826731,0.7051434320494967
0,arm_L_elbow_ik_bind_anim,9,0.8995957633088282,0.0,0.4367235540210841,-0.0,1.0,0.0,-0.4367235540210841,-0.0,0.8995957633088282
1,arm_L_humerus_ik_bind_anim,9,0.712342014087955,0.03873918642969327,-0.7007625349573713,-0.5926694366190061,-0.501598575061631,-0.6301918822024377,-0.3759146098023133,0.8642326914268558,-0.33435020742668553
2,arm_L_wirst_ik_bind_anim,9,0.6735533299881968,0.3387425650607155,0.6569470193842866,-0.19630694798656848,0.93886412711638,-0.28283870489414326,-0.7125934983102287,0.06154368716679677,0.6988725783259102
