No.,jointName,rotate_00,rotate_01,rotate_02,rotate_10,rotate_11,rotate_12,rotate_20,rotate_21,rotate_22
0,arm_L_humerus_ik_bind,0.9821583067678747,0.15630315551142873,0.10456760504109948,-0.1399441421035931,0.9789141995379613,-0.14880398863552582,-0.12562124636282906,0.13151544973927012,0.983322423695365
1,arm_L_elbow_ik_bind,0.9600084762927004,0.0,-0.2799709367883884,0.0,1.0,0.0,0.2799709367883884,0.0,0.9600084762927004
2,arm_L_wirst_ik_bind,0.728880858624761,-0.6808437545790759,-0.07200330395959641,0.12532266969080808,0.23607343092224095,-0.9636200307559875,0.6730727467309902,0.6933405491266675,0.25739456199525923
0,arm_L_humerus_ik_bind,0.7479585077582687,0.5953101398943432,-0.293536893781687,-0.61237696663841,0.44833252556928904,-0.6511469859005742,-0.2560322663313429,0.6667861605159785,0.6998883444818866
1,arm_L_elbow_ik_bind,0.9600084762927004,0.0,-0.2799709367883884,0.0,1.0,0.0,0.2799709367883884,0.0,0.9600084762927004
2,arm_L_wirst_ik_bind,0.4189839166132783,-0.8171278909697535,-0.395922324981455,0.3839814651055002,0.5545846898811467,-0.7382371273546636,0.8228066067277482,0.15728264859403748,0.5461240302132964
0,arm_L_humerus_ik_bind,0.7571964982670623,-0.5783755506644984,-0.303537782501021,0.6091626980046827,0.4575669461749435,0.6477293394063539,-0.23574195717299545,-0.6753622821580093,0.6987929002691506
1,arm_L_elbow_ik_bind,0.9600084762927004,0.0,-0.2799709367883884,0.0,1.0,0.0,0.2799709367883884,0.0,0.9600084762927004
2,arm_L_wirst_ik_bind,0.7744561299380212,-0.5541303673143074,-0.30521670796588707,0.5923532323700369,0.46578346471527055,0.6573913690478508,-0.22211562507440122,-0.6899168790643908,0.6889697737055371
0,arm_L_humerus_ik_bind,0.8964462888375325,0.21539481614616365,0.38728429403575804,-0.16008546712836844,0.9723156031206469,-0.17022047803488385,-0.413227170505168,0.09059492869632767,0.906110293756119
1,arm_L_elbow_ik_bind,0.9600084762927004,0.0,-0.2799709367883884,0.0,1.0,0.0,0.2799709367883884,0.0,0.9600084762927004
2,arm_L_wirst_ik_bind,-0.7888350806258775,-0.08673267320280449,-0.6084543195450762,-0.20338453145690188,-0.8973776321181834,0.3915968816755563,-0.579977540891044,0.43265555442298276,0.6902428726824485
0,arm_L_humerus_ik_bind,0.940958481318727,0.3102012135855405,0.1355446182052712,-0.2638288521813258,0.9228738611259788,-0.2805319468565241,-0.2121119355223534,0.22820833363504806,0.9502260169393782
1,arm_L_elbow_ik_bind,0.9600084762927004,0.0,-0.2799709367883884,0.0,1.0,0.0,0.2799709367883884,0.0,0.9600084762927004
2,arm_L_wirst_ik_bind,-0.566269661587171,0.6375555714122527,0.5223615258871455,-0.3119657088871697,-0.7524052239083171,0.5801411686081246,0.7628997750979329,0.16555745950174164,0.6249597273095704
0,arm_L_humerus_ik_bind,0.7576544580916382,0.05442971935508663,0.6503822935664783,-0.03750186902279718,0.9985006327645266,-0.03987601018954819,-0.6515775717085903,0.005821685302942292,0.7585596720275674
1,arm_L_elbow_ik_bind,0.9600084762927004,0.0,-0.2799709367883884,0.0,1.0,0.0,0.2799709367883884,0.0,0.9600084762927004
2,arm_L_wirst_ik_bind,-0.4531973392139796,-0.054399863721218085,-0.889748743498119,0.15474724543570056,0.978179753980014,-0.13862777114872124,0.8778755388774833,-0.20051190421197454,-0.4348902327137915
0,arm_L_humerus_ik_bind,0.8939094795357757,0.3890001646307211,-0.2227211582076351,-0.4479341238689925,0.7566372378727435,-0.47629309352332994,-0.01675896983100743,0.5255273182067487,0.850611647432967
1,arm_L_elbow_ik_bind,0.9600084762927004,0.0,-0.2799709367883884,0.0,1.0,0.0,0.2799709367883884,0.0,0.9600084762927004
2,arm_L_wirst_ik_bind,-0.7907336583476778,-0.32907560248921014,-0.5161874944266481,-0.3867108774366782,-0.385143570558964,0.8379254903207363,-0.4745471302497278,0.8621912072756573,0.1772888695555704
0,arm_L_humerus_ik_bind,0.8964821900704057,0.2738675158144225,-0.34830484732229317,-0.41446912414197834,0.7962352519921772,-0.4407093924775549,0.15663661136385162,0.5394497263569528,0.8273203519277514
1,arm_L_elbow_ik_bind,0.9600084762927004,0.0,-0.2799709367883884,0.0,1.0,0.0,0.2799709367883884,0.0,0.9600084762927004
2,arm_L_wirst_ik_bind,0.4383919789870057,-0.7584463048581632,-0.4822568562569685,-0.5571821826936247,0.19168375769840137,-0.8079637073058346,0.7052378946487665,0.6229097363837061,-0.338560145719718
0,arm_L_humerus_ik_bind,-0.6936486254092238,-0.7170512095682967,0.0684773489888257,0.5892279665274812,-0.5101642485718783,0.6265323957633638,-0.41432111692476437,0.4749421041934834,0.7763813558648108
1,arm_L_elbow_ik_bind,-0.7931685385909539,0.0,0.6090021916130435,0.0,1.0,0.0,-0.6090021916130435,0.0,-0.7931685385909539
2,arm_L_wirst_ik_bind,0.8310547994381551,0.23115520229846617,-0.505880611193158,0.5384345526479098,-0.10637879896961411,0.8359257046201101,0.1394136035172069,-0.9670836693793031,-0.21286855938397628
0,arm_L_humerus_ik_bind,0.8898288760700488,-0.2767019542753871,0.3628230971315019,0.20679692958135454,0.9533538807105766,0.2198895360170831,-0.40674267200238284,-0.12063335622565341,0.9055429267230222
1,arm_L_elbow_ik_bind,0.9600084762927004,0.0,-0.2799709367883884,0.0,1.0,0.0,0.2799709367883884,0.0,0.9600084762927004
2,arm_L_wirst_ik_bind,-0.9522187603729774,-0.27129880539955104,0.14027255819484774,0.12711894252066763,-0.7696637887037907,-0.6256663861919974,0.27770525174396254,-0.5779399714043864,0.7673755160330039
0,arm_L_humerus_ik_bind,0.9912921675002039,0.010347569604138181,-0.13127363199072123,-0.012147275406011362,0.9998427954253348,-0.012916196663980669,0.13111934393123806,0.014398341548234973,0.9912620266144072
1,arm_L_elbow_ik_bind,0.6822089770290979,0.0,0.7311572414063283,-0.0,1.0,0.0,-0.7311572414063283,-0.0,0.6822089770290979
2,arm_L_wirst_ik_bind,-0.41326601765681453,-0.5091250124183604,-0.7549853775935542,0.7623179469066688,-0.6469245105425185,0.018974337493693042,-0.4980788556785751,-0.5676974540979794,0.6554670503820872
0,arm_L_humerus_ik_bind,0.8444949450015715,-0.386426340248685,-0.3708139310069139,0.5354440743647383,0.623816930331262,0.5693435524002799,0.01131066286657578,-0.6793578740208206,0.7337199383357587
1,arm_L_elbow_ik_bind,-0.2818790626924177,0.0,0.95944994346534,0.0,1.0,0.0,-0.95944994346534,0.0,-0.2818790626924177
2,arm_L_wirst_ik_bind,-0.540228154668887,0.6695943438037036,-0.5097028111057824,-0.5533469148722289,0.17367596347006542,0.8146433891673894,0.6340037324057608,0.7221357728701938,0.2766933191038994
0,arm_L_humerus_ik_bind,0.961171202422707,0.27583838184250664,0.007943974810826442,-0.2627303834371696,0.9235413030888627,-0.27936393308350166,-0.08439588409540713,0.26642944392734225,0.960152428605126
1,arm_L_elbow_ik_bind,0.8468390145122142,0.0,0.5318493052547704,-0.0,1.0,0.0,-0.5318493052547704,-0.0,0.8468390145122142
2,arm_L_wirst_ik_bind,-0.2569778904009774,0.917878734381,0.30242518548592573,-0.02356219785853292,-0.3187920414247096,0.9475317710537949,0.9661300050599497,0.2363689135554834,0.10354974663156802
0,arm_L_humerus_ik_bind,0.839791239441334,-0.2883272251252349,0.4600196576334213,0.20683667786309487,0.9533355084601133,0.2199318007920986,-0.5019654000507867,-0.0895478618431459,0.8602394536355413
1,arm_L_elbow_ik_bind,0.9600084762927004,0.0,-0.2799709367883884,0.0,1.0,0.0,0.2799709367883884,0.0,0.9600084762927004
2,arm_L_wirst_ik_bind,0.07481817665860734,0.5688793549743568,0.8190106958553355,-0.7476361366641587,0.5754920361749314,-0.33143494603484813,-0.6598806313230999,-0.5875246341926362,0.4683720280091844
0,arm_L_humerus_ik_bind,0.7306284541118029,0.03023970745231585,-0.6821052866936274,-0.6801310317992552,0.1200710221286001,-0.7231906589749856,0.060032005012974544,0.992304645629653,0.1082942687122944
1,arm_L_elbow_ik_bind,0.9600084762927004,0.0,-0.2799709367883884,0.0,1.0,0.0,0.2799709367883884,0.0,0.9600084762927004
2,arm_L_wirst_ik_bind,-0.7019407790414209,-0.7108907017528413,-0.043744175384570316,-0.6288583947049095,0.5897635466187436,0.5066715686604542,-0.3343893869845265,0.3831623275336888,-0.8610286688787304
0,arm_L_humerus_ik_bind,0.6652934390481745,-0.5310239407185274,0.5247839692132548,0.3666791555120836,0.8447064875487779,0.38989401996690287,-0.6503314823014475,-0.06696659075070295,0.7566930942269989
1,arm_L_elbow_ik_bind,0.9600084762927004,0.0,-0.2799709367883884,0.0,1.0,0.0,0.2799709367883884,0.0,0.9600084762927004
2,arm_L_wirst_ik_bind,0.7246060344928666,0.5033007086707071,-0.4707807254211738,-0.0959094835514294,0.7501172391872323,0.6543129973025313,0.6824569332503119,-0.428966810051417,0.5918107891318736
0,arm_L_humerus_ik_bind,0.842910407081237,0.05504749471948514,-0.5352306222174248,-0.19291816592412442,0.9595329635802238,-0.2051318431141899,0.5022794310845461,0.27616347536931973,0.8194199826592731
1,arm_L_elbow_ik_bind,0.5117618353956213,0.0,0.8591273618227423,-0.0,1.0,0.0,-0.8591273618227423,-0.0,0.5117618353956213
2,arm_L_wirst_ik_bind,0.8172491180823094,0.5431605550335497,0.1925629519127027,-0.5516197228189907,0.8340178435771424,-0.011398157396402188,-0.16679196740487087,-0.09690638807931864,0.9812184219421448
0,arm_L_humerus_ik_bind,0.7141065749558282,0.6711073068876277,0.1991652134457513,-0.4978876054276964,0.6869016327487518,-0.529409179452504,-0.49209727896659894,0.27889268468200196,0.8246569823050883
1,arm_L_elbow_ik_bind,-0.029838384564522702,0.0,0.9995547362733966,0.0,1.0,0.0,-0.9995547362733966,0.0,-0.029838384564522702
2,arm_L_wirst_ik_bind,-0.9235564156977043,0.08894874141753911,0.3730035769585127,0.3788466891542593,0.06117765489521043,0.9234351523839552,0.05931891047941926,0.9941556296384175,-0.09019895186628468
0,arm_L_humerus_ik_bind,0.7237791246887599,-0.3172966231218109,0.6127533203665795,0.21864182075370386,0.9477060660962711,0.2324843360354311,-0.6544765334847978,-0.03429380760174529,0.7553041783797417
1,arm_L_elbow_ik_bind,0.9600084762927004,0.0,-0.2799709367883884,0.0,1.0,0.0,0.2799709367883884,0.0,0.9600084762927004
2,arm_L_wirst_ik_bind,0.9154398253481612,0.2383161981931276,-0.32430744031752057,-0.1543128695089268,-0.5363838148186445,-0.8297469141277478,-0.3716953920489857,0.8096281818707725,-0.45425184936352037
0,arm_L_humerus_ik_bind,0.9703353185837803,-0.16246905217769916,-0.17903400959983443,0.19929405795734106,0.9567524916136018,0.21191165200163206,0.13686214952209955,-0.2413057746421434,0.9607498504566866
1,arm_L_elbow_ik_bind,0.9600084762927004,0.0,-0.2799709367883884,0.0,1.0,0.0,0.2799709367883884,0.0,0.9600084762927004
2,arm_L_wirst_ik_bind,-0.9700412417719437,-0.14880662178608572,0.1920327539097415,0.1840751472275855,-0.9660574754884896,0.18124374258426124,0.15854440839931624,0.21116236256828552,0.9645071939596359
0,arm_L_humerus_ik_bind,0.6363447333073762,-0.22642755641770798,0.7374252111819001,0.1552573172162428,0.9739822775203015,0.1650869120408439,-0.7556193127777897,0.009438472920554023,0.6549430275880099
1,arm_L_elbow_ik_bind,0.9571406295872912,0.0,0.28962357499562064,-0.0,1.0,0.0,-0.28962357499562064,-0.0,0.9571406295872912
2,arm_L_wirst_ik_bind,0.8349326986591202,0.40599881906356844,0.3715539632796111,0.4682308695195115,-0.8788147589691193,-0.09189380962312788,0.28921832849735,0.25069818175853853,-0.9238523584015805
0,arm_L_humerus_ik_bind,0.9261178839117726,-0.2539931600520307,-0.27891421574664144,0.3476490295703563,0.8616799371513464,0.369659083683387,0.14644390508850152,-0.4393121447873201,0.8863176756134308
1,arm_L_elbow_ik_bind,0.9600084762927004,0.0,-0.2799709367883884,0.0,1.0,0.0,0.2799709367883884,0.0,0.9600084762927004
2,arm_L_wirst_ik_bind,-0.4642495443010298,-0.06406375715249053,0.8833845117703805,-0.7350432341974381,-0.5285880852047272,-0.4246246342832346,0.4941495770279041,-0.8464576015366081,0.1983071464270425
0,arm_L_humerus_ik_bind,0.7225181079614311,0.2817257139193169,0.6313463437642488,-0.19386150135060046,0.9591277915401616,-0.20613490191955247,-0.6636153267985339,0.026542449245380642,0.747602967106292
1,arm_L_elbow_ik_bind,0.9600084762927004,0.0,-0.2799709367883884,0.0,1.0,0.0,0.2799709367883884,0.0,0.9600084762927004
2,arm_L_wirst_ik_bind,0.7150821367305102,0.16331337888927389,0.6796957245743835,-0.4057834939330113,0.8887131425311584,0.21337456817510084,-0.5692076016537777,-0.42838964806372415,0.7017727663933625
0,arm_L_humerus_ik_bind,0.0617735780308769,0.5465901628076884,0.8351186855645893,-0.4406551897314378,0.7656897460866943,-0.46855332300651104,-0.8955484514084168,-0.33905516757536386,0.2881571871746882
1,arm_L_elbow_ik_bind,0.9600084762927004,0.0,-0.2799709367883884,0.0,1.0,0.0,0.2799709367883884,0.0,0.9600084762927004
2,arm_L_wirst_ik_bind,-0.37729889274233486,-0.7340714743468592,-0.5646101452202543,-0.837360659227762,0.010002181897909135,0.5465593130987056,-0.3955662674104755,0.6789985470584674,-0.6184563858344694
0,arm_L_humerus_ik_bind,0.6474858105607539,-0.7620688155243708,-0.003639440584195075,0.5929818748896297,0.5008111959617809,0.6305241010871115,-0.4786800822834212,-0.4104135309716447,0.7761611381797752
1,arm_L_elbow_ik_bind,0.9600084762927004,0.0,-0.2799709367883884,0.0,1.0,0.0,0.2799709367883884,0.0,0.9600084762927004
2,arm_L_wirst_ik_bind,-0.16209592628471836,0.06702884764496675,0.9844958325281459,0.8932303172609438,0.43396775038281676,0.11752272951897841,-0.4193620285717495,0.8984314805320799,-0.13021660332354723
0,arm_L_humerus_ik_bind,0.9786083797700156,-0.04169151081993492,0.20146328938408659,0.0349064447791422,0.9987011080123519,0.03711653227042343,-0.20274905463845116,-0.02929018232193061,0.9787925756066821
1,arm_L_elbow_ik_bind,0.9600084762927004,0.0,-0.2799709367883884,0.0,1.0,0.0,0.2799709367883884,0.0,0.9600084762927004
2,arm_L_wirst_ik_bind,-0.3676715422281784,-0.5442213013789045,-0.7540827621428594,-0.31768710240591985,-0.6885936918993157,0.6518539962609731,-0.8740094633357715,0.4792305317922907,0.08028421636657355
0,arm_L_humerus_ik_bind,0.9354502493294523,-0.152997954235936,-0.3186290272857826,0.24015708468824834,0.936544154195065,0.2553617471687801,0.25934032795442186,-0.3153992283482458,0.9128340052023829
1,arm_L_elbow_ik_bind,0.9600084762927004,0.0,-0.2799709367883884,0.0,1.0,0.0,0.2799709367883884,0.0,0.9600084762927004
2,arm_L_wirst_ik_bind,0.09619811408834544,-0.8493322495595053,0.5190189328955508,-0.1962050425280364,-0.5273869062372467,-0.8266599254929912,0.9758327234379965,-0.022311005976789536,-0.21737689592016585
0,arm_L_humerus_ik_bind,0.8549188886585248,-0.37611565415778314,-0.35728239323025096,0.5180803432126193,0.6543114073812686,0.5508805134940228,0.026579160851453485,-0.6560591412885017,0.7542413084286924
1,arm_L_elbow_ik_bind,0.9600084762927004,0.0,-0.2799709367883884,0.0,1.0,0.0,0.2799709367883884,0.0,0.9600084762927004
2,arm_L_wirst_ik_bind,0.3096595312999134,-0.250668437672366,0.9172111583654078,-0.6801167998834492,0.6157311173293749,0.3978898461491771,-0.664493877467215,-0.7470211011124215,0.020183193537472777
0,arm_L_humerus_ik_bind,0.6727927412453272,0.2918092192975758,-0.6798509445904577,-0.6803970169331744,-0.11681597533767518,-0.7234735152404305,-0.2905336928413568,0.9493162841955505,0.11995318205498806
1,arm_L_elbow_ik_bind,0.9600084762927004,0.0,-0.2799709367883884,0.0,1.0,0.0,0.2799709367883884,0.0,0.9600084762927004
2,arm_L_wirst_ik_bind,-0.7886856791019081,-0.13266952941035628,0.6003113321815579,-0.375313483816461,-0.6694819748990436,-0.6410410861643947,0.48694423545731913,-0.7308848618293518,0.47821818274044753
0,arm_L_humerus_ik_bind,0.8790608569523614,0.43518265932607497,0.19459718085333377,-0.3459003234352903,0.8631781626295931,-0.36779943693100087,-0.3280319740841453,0.2560068604183978,0.9093159579580541
1,arm_L_elbow_ik_bind,0.9600084762927004,0.0,-0.2799709367883884,0.0,1.0,0.0,0.2799709367883884,0.0,0.9600084762927004
2,arm_L_wirst_ik_bind,0.127105294580252,-0.9373511762180449,-0.3243717258521692,0.21607873797382576,0.345336945051414,-0.9132646787094064,0.9680672616534999,0.0459909428605697,0.24643581332568062
0,arm_L_humerus_ik_bind,0.7205889125901165,-0.5271089356453136,-0.45045287102543574,0.6536164863764762,0.2996063201911145,0.6949975119656248,-0.23138087170088822,-0.7952309242379876,0.5604200829257755
1,arm_L_elbow_ik_bind,-0.5500966297204624,0.0,0.8351010106389456,0.0,1.0,0.0,-0.8351010106389456,0.0,-0.5500966297204624
2,arm_L_wirst_ik_bind,0.595754688194281,0.7863421149504363,0.16353112777025047,-0.7729629709876001,0.5060294674721117,0.3827040939576077,0.218184777142122,-0.354401264536635,0.9092827649957281
0,arm_L_humerus_ik_bind,0.587023264677348,-0.6249412275456563,-0.5146378812731108,0.6844361712031894,0.04359254335748941,0.7277683819130533,-0.4323780918088549,-0.7794537524942408,0.45332221812567236
1,arm_L_elbow_ik_bind,0.9600084762927004,0.0,-0.2799709367883884,0.0,1.0,0.0,0.2799709367883884,0.0,0.9600084762927004
2,arm_L_wirst_ik_bind,-0.6585524620083928,0.7508673297422731,0.0500690314305475,0.6355708747233333,0.5905883093749422,-0.4972475359748549,-0.40293711418297196,-0.2956411709409844,-0.8661627907377123
0,arm_L_humerus_ik_bind,0.6946690912651645,-0.22363777294743367,-0.683681943707703,0.6817587212643212,-0.09845815066098051,0.7249214016350031,-0.2294338676413491,-0.9696866190061262,0.08407116806373094
1,arm_L_elbow_ik_bind,0.04089239098893116,0.0,0.9991635563606234,-0.0,1.0,0.0,-0.9991635563606234,-0.0,0.04089239098893116
2,arm_L_wirst_ik_bind,-0.9715625909414828,0.04283571727765452,0.23287600393424282,0.04331344623485045,0.9990568330692466,-0.003064257317506706,-0.2327876226484848,0.007109544497084436,-0.972501607771787
0,arm_L_humerus_ik_bind,0.9968546678745597,-0.07497759024452619,-0.025673568077408546,0.07684390057035922,0.9936894086930265,0.0817090814808013,0.019385202651356133,-0.08342493639450624,0.99632549596291
1,arm_L_elbow_ik_bind,0.9600084762927004,0.0,-0.2799709367883884,0.0,1.0,0.0,0.2799709367883884,0.0,0.9600084762927004
2,arm_L_wirst_ik_bind,-0.20537736126388406,0.35207533692330667,-0.9131610463716817,0.7188171476531482,-0.5789374002964789,-0.3848810137922463,-0.6641701948447224,-0.7354416657140762,-0.13417715383636875
0,arm_L_humerus_ik_bind,0.7704492868505437,-0.09073344241185252,-0.6310113618783608,0.5477571067290956,0.6006082807226967,0.5824361296786942,0.32614421414346545,-0.7943784586426178,0.51243810945842
1,arm_L_elbow_ik_bind,0.04425002098769638,0.0,0.999020488099513,-0.0,1.0,0.0,-0.999020488099513,-0.0,0.04425002098769638
2,arm_L_wirst_ik_bind,-0.9287602812990072,-0.36106070891889874,-0.08390175419126931,0.3696789603498586,-0.9188419669701944,-0.13808296784539692,-0.027236118593471102,-0.15926268931965035,0.9868604712088913
0,arm_L_humerus_ik_bind,0.6749643053369413,0.04993563031068096,-0.7361586916871221,0.38373429439158246,0.828408342887152,0.40802893125703354,0.6302151837498162,-0.5578943002580665,0.5399840478298852
1,arm_L_elbow_ik_bind,-0.46914314029787674,0.0,0.8831221398603064,0.0,1.0,0.0,-0.8831221398603064,0.0,-0.46914314029787674
2,arm_L_wirst_ik_bind,0.6501234152725556,0.4705371142646696,0.5966023541805929,0.06295157324992699,0.7491254302470127,-0.6594302003871125,-0.7572163788110421,0.46626807080981386,0.4574029315642688
0,arm_L_humerus_ik_bind,0.8750900715819089,0.48322081864168215,0.026739615742042554,-0.42157134559621257,0.7882508745640865,-0.44826126234725117,-0.23768669965096526,0.3809963243657543,0.8935025649816662
1,arm_L_elbow_ik_bind,0.9600084762927004,0.0,-0.2799709367883884,0.0,1.0,0.0,0.2799709367883884,0.0,0.9600084762927004
2,arm_L_wirst_ik_bind,0.18180182702316605,0.1232619351694402,-0.975579105469835,0.7328680844780756,0.644499149198037,0.21800279226753677,0.6556313494979287,-0.7546040962129023,0.0268363845223909
0,arm_L_humerus_ik_bind,0.7336964764677144,-0.6734138181249193,-0.090572125829522,0.5748167400052543,0.5440674299327384,0.6112089226247573,-0.36231919053314365,-0.5005042070200839,0.7862698919115525
1,arm_L_elbow_ik_bind,0.9600084762927004,0.0,-0.2799709367883884,0.0,1.0,0.0,0.2799709367883884,0.0,0.9600084762927004
2,arm_L_wirst_ik_bind,0.044458421817070604,-0.6903966099742765,-0.7220636880951447,0.9793147017920895,0.17293512669131703,-0.10505311423336745,0.19739848931389073,-0.7024570897160088,0.683803973024659
0,arm_L_humerus_ik_bind,0.7207718574856827,0.00609588167952821,-0.6931455616846922,0.32891575950535773,0.877209494564863,0.3497397972697293,0.6101658402480855,-0.4800691021840573,0.6302628852491166
1,arm_L_elbow_ik_bind,-0.047378385360263175,0.0,0.9988770137512699,0.0,1.0,0.0,-0.9988770137512699,0.0,-0.047378385360263175
2,arm_L_wirst_ik_bind,-0.3078597691075355,-0.520223383229839,-0.7966115704067793,-0.4214937200143595,-0.6760599974779217,0.6043888845756593,-0.8529744466005484,0.5218337966738575,-0.011139214309606958
0,arm_L_humerus_ik_bind,0.7263943149349299,-0.2736378088757953,0.6304551124258313,0.18835827098980998,0.9614612194454466,0.20028351218261575,-0.6609632826261556,-0.026733369711436993,0.7499419083928625
1,arm_L_elbow_ik_bind,0.9600084762927004,0.0,-0.2799709367883884,0.0,1.0,0.0,0.2799709367883884,0.0,0.9600084762927004
2,arm_L_wirst_ik_bind,0.15195285243036158,0.7193813922041488,-0.6777910763566432,-0.9695226403177366,-0.02485664894610062,-0.243737557455749,-0.1921878782587523,0.6941704110329038,0.6936795080559957
0,arm_L_humerus_ik_bind,0.6668606659306336,-0.20567424375648702,-0.7162366631845573,0.6533397284638561,-0.3008898948938348,0.6947031526929698,-0.3583909198700864,-0.9312160740698019,-0.06627648111282892
1,arm_L_elbow_ik_bind,0.9600084762927004,0.0,-0.2799709367883884,0.0,1.0,0.0,0.2799709367883884,0.0,0.9600084762927004
2,arm_L_wirst_ik_bind,0.16961873212037482,-0.4711078497329147,0.8656135856338588,-0.9853794649785668,-0.06679068531720533,0.1567364487074132,-0.016024846720953726,-0.8795432895968724,-0.4755489522779778
0,arm_L_humerus_ik_bind,0.9846374062496978,-0.17388621249096056,0.015898531989346047,0.1682980812855748,0.9693562159555685,0.17895329676732752,-0.046528851796082474,-0.1735284175397495,0.9837291061347573
1,arm_L_elbow_ik_bind,0.9600084762927004,0.0,-0.2799709367883884,0.0,1.0,0.0,0.2799709367883884,0.0,0.9600084762927004
2,arm_L_wirst_ik_bind,0.28962182826138394,0.8464208099761004,-0.4468679995635577,0.7206875459111521,0.11439048640457193,0.6837574700057659,0.629863999418203,-0.5200832905021346,-0.5768749545416045
0,arm_L_humerus_ik_bind,0.6725239362418659,0.5220347276567983,-0.5245867881504823,-0.6774522625489542,0.148880542561852,-0.7203422908685779,-0.29794292599262934,0.8398299394322521,0.4537793358937464
1,arm_L_elbow_ik_bind,0.7323671099711018,0.0,0.6809099912856148,-0.0,1.0,0.0,-0.6809099912856148,-0.0,0.7323671099711018
2,arm_L_wirst_ik_bind,-0.14953174483614262,0.43603204863228096,-0.8874211569777875,-0.9692207260905332,0.11289204658519846,0.218784300017951,0.1955797571396338,0.8928221762385505,0.4057303540701142
0,arm_L_humerus_ik_bind,0.6562525182684448,-0.4381994407195495,0.6142588073600559,0.3006977632589512,0.8985266792019123,0.3197352997925745,-0.6920357558951619,-0.025120846232913385,0.72142598764333
1,arm_L_elbow_ik_bind,0.9600084762927004,0.0,-0.2799709367883884,0.0,1.0,0.0,0.2799709367883884,0.0,0.9600084762927004
2,arm_L_wirst_ik_bind,-0.602220812757278,0.0654393365260847,-0.7956430015509398,-0.554504504567459,-0.7512810229821977,0.3579128091047022,-0.5743299113718177,0.6567301711828445,0.48872347514907843
0,arm_L_humerus_ik_bind,0.8564685673019143,0.45375446255907714,0.24610664544365574,-0.3491498088630414,0.8603861898160026,-0.3712546502669068,-0.38020521326608325,0.23203985020169426,0.8953220111913185
1,arm_L_elbow_ik_bind,0.8908891325594572,0.0,0.4542208201827144,-0.0,1.0,0.0,-0.4542208201827144,-0.0,0.8908891325594572
2,arm_L_wirst_ik_bind,0.7970530795161996,-0.11944164964338007,0.5919797975980353,-0.34005207595676656,0.7213090288216581,0.6033886563218187,-0.4990701093746611,-0.6822367457641259,0.5343052017882097
0,arm_L_humerus_ik_bind,0.9068514306445922,0.39671106553209984,-0.14227021199900705,-0.41673495546082345,0.7937114186600844,-0.4431186757355886,-0.06286859020943551,0.4611317754969638,0.8851017037561818
1,arm_L_elbow_ik_bind,0.9600084762927004,0.0,-0.2799709367883884,0.0,1.0,0.0,0.2799709367883884,0.0,0.9600084762927004
2,arm_L_wirst_ik_bind,0.6716386896310051,-0.5824932029806601,0.4578243539525587,-0.7396914462302412,-0.5621807659787967,0.3698774807112584,0.04192892753887902,-0.587072784963521,-0.8084475927298036
0,arm_L_humerus_ik_bind,0.9642379576806563,-0.1144203626772161,0.23906723232733346,0.09303720285807156,0.990735792204268,0.09892759437956437,-0.24817179503759676,-0.07314759497205567,0.9659504073696645
1,arm_L_elbow_ik_bind,0.9600084762927004,0.0,-0.2799709367883884,0.0,1.0,0.0,0.2799709367883884,0.0,0.9600084762927004
2,arm_L_wirst_ik_bind,-0.18868522036353383,0.02559301734326602,0.9817040720500408,-0.6052604304303831,-0.7902502922152037,-0.09573028261220137,0.7733419030232306,-0.6122495186744142,0.16459899122217012
0,arm_L_humerus_ik_bind,0.9901707516229207,0.1093264765104225,-0.08723304513953631,-0.11994219657226608,0.9845549826800756,-0.1275357030844933,0.07194270019897935,0.13674504602965395,0.9879904049505882
1,arm_L_elbow_ik_bind,0.9600084762927004,0.0,-0.2799709367883884,0.0,1.0,0.0,0.2799709367883884,0.0,0.9600084762927004
2,arm_L_wirst_ik_bind,0.6971304893181821,-0.7168056341669927,0.014098357686165042,0.5917426078957859,0.5641752005782372,-0.5758012061929012,0.40478360498380606,0.40975117556751556,0.8174681689566592
0,arm_L_humerus_ik_bind,0.6841239546196553,-0.12498741214085143,0.7185767610505484,0.08562881612124118,0.9921580373788733,0.09105017690360051,-0.7243218349361275,-0.0007587297511159261,0.6894616042709893
1,arm_L_elbow_ik_bind,0.9600084762927004,0.0,-0.2799709367883884,0.0,1.0,0.0,0.2799709367883884,0.0,0.9600084762927004
2,arm_L_wirst_ik_bind,-0.0277701442111129,0.7950878351373792,-0.6058581958734648,0.7420779137912386,0.4224770137620766,0.5204167010251701,0.6697381495433399,-0.4351419392097638,-0.6017493695775917
0,arm_L_humerus_ik_bind,0.26613880194734996,-0.7889857679015507,0.5537793749742128,0.5500727186654946,0.5960821512587383,0.5848983442707855,-0.7915744704561795,0.14895478172772805,0.5926401359361885
1,arm_L_elbow_ik_bind,-0.7962316779168378,0.0,0.6049918305909073,0.0,1.0,0.0,-0.6049918305909073,0.0,-0.7962316779168378
2,arm_L_wirst_ik_bind,0.7629381983084446,-0.5455133054797793,-0.3469013391533528,-0.18999092568676565,0.323707155897125,-0.9268857132234157,0.6179229350967241,0.7730646226322345,0.1433259764171527
0,arm_L_humerus_ik_bind,0.9496895581720888,0.20467309523379626,-0.23706258073833636,-0.2696978407010683,0.9192521984656268,-0.2867725062436998,0.15922568203679968,0.33628012088663384,0.9282041060437014
1,arm_L_elbow_ik_bind,0.9600084762927004,0.0,-0.2799709367883884,0.0,1.0,0.0,0.2799709367883884,0.0,0.9600084762927004
2,arm_L_wirst_ik_bind,-0.8938356824536511,0.4426981858297668,-0.07124667736567293,0.2887085982054789,0.44662979204582204,-0.846858414482216,-0.3430817950501636,-0.7775217971993703,-0.5270244176364305
0,arm_L_humerus_ik_bind,0.968825298632155,0.19632889195706182,0.15110429151161664,-0.16848160868476458,0.9692883342011637,-0.179148186472895,-0.1816355919562825,0.1481050011459627,0.9721488673913298
1,arm_L_elbow_ik_bind,0.9600084762927004,0.0,-0.2799709367883884,0.0,1.0,0.0,0.2799709367883884,0.0,0.9600084762927004
2,arm_L_wirst_ik_bind,-0.201050986416293,-0.1671444315153609,0.9652156442342003,-0.8204342628175977,-0.50963783091019,-0.2591464869530391,0.5352252995290679,-0.8439976423655243,-0.03466782983481819
0,arm_L_humerus_ik_bind,0.7597772398721593,0.00910962813180695,0.6501196508701638,-0.006277723789644413,0.9999580161378969,-0.00667503899482419,-0.6501531634593991,0.0009902711051436098,0.7598025292185292
1,arm_L_elbow_ik_bind,0.9600084762927004,0.0,-0.2799709367883884,0.0,1.0,0.0,0.2799709367883884,0.0,0.9600084762927004
2,arm_L_wirst_ik_bind,-0.8639550298498437,0.49762011144470936,-0.07717467902694321,0.5017546989926918,0.837675355577595,-0.2157364612129877,-0.04270747517601271,-0.2251093586319879,-0.9733970660631697
0,arm_L_humerus_ik_bind,0.8835441790781637,0.4287067934396393,0.18857404083223195,-0.34249812270783003,0.8660638680459447,-0.3641818397544129,-0.3194443919662796,0.257184489664519,0.9120369612670831
1,arm_L_elbow_ik_bind,0.9600084762927004,0.0,-0.2799709367883884,0.0,1.0,0.0,0.2799709367883884,0.0,0.9600084762927004
2,arm_L_wirst_ik_bind,-0.8771539019355328,0.383346720875869,-0.28921674210354537,0.4251830139699637,0.34004583071847266,-0.8388016676440273,-0.223204921430258,-0.8587282018221495,-0.4612650414291224
0,arm_L_humerus_ik_bind,-0.047017351119408524,-0.6938170646295266,0.7186148130414385,0.5591172226268711,0.577874812062382,0.5945154606449528,-0.8277543718131171,0.42974246056531795,0.36075492724499014
1,arm_L_elbow_ik_bind,-0.9600041534366721,0.0,0.27998575925274927,0.0,1.0,0.0,-0.27998575925274927,0.0,-0.9600041534366721
2,arm_L_wirst_ik_bind,0.7924738615604744,0.2575971855461111,-0.552837108687679,-0.10310006724658267,0.9499650735380281,0.29485036067747855,0.601128567676816,-0.17666366082647403,0.7793807773265955
0,arm_L_humerus_ik_bind,0.7974177376161781,-0.03884112160045955,0.6021763188700752,0.026994771116977498,0.9992233808156752,0.02870396424945855,-0.6028235513543231,-0.006633438332457149,0.7978469548907555
1,arm_L_elbow_ik_bind,0.9600084762927004,0.0,-0.2799709367883884,0.0,1.0,0.0,0.2799709367883884,0.0,0.9600084762927004
2,arm_L_wirst_ik_bind,-0.2605076032035516,-0.6377715870118027,-0.7248332163150275,-0.2768970574332928,0.7685709062519365,-0.5767380528869764,0.9249128652245705,0.05045953689367107,-0.3768156404378029
0,arm_L_humerus_ik_bind,0.8153390760879133,-0.262441823264323,-0.5160876673645726,0.5623309174798298,0.5711921968185614,0.5979326162201546,0.13786272248291304,-0.7777298783609148,0.6132944692839774
1,arm_L_elbow_ik_bind,0.9600084762927004,0.0,-0.2799709367883884,0.0,1.0,0.0,0.2799709367883884,0.0,0.9600084762927004
2,arm_L_wirst_ik_bind,0.8651052292076339,-0.1265277608815376,-0.48536962010813134,0.17488648489658604,-0.8308510501620834,0.5283003405687713,-0.4701145177487327,-0.5419199739545203,-0.6966455928454647
0,arm_L_humerus_ik_bind,0.7138832505724897,-0.28855780188274743,0.6380478818432462,0.1983703664738475,0.9571614032039878,0.21092948092100489,-0.6715801532632479,-0.024009231332347995,0.7405428107501566
1,arm_L_elbow_ik_bind,0.9600084762927004,0.0,-0.2799709367883884,0.0,1.0,0.0,0.2799709367883884,0.0,0.9600084762927004
2,arm_L_wirst_ik_bind,-0.5675271743621544,0.8060585138811732,-0.16787667664146674,0.748468364861511,0.4201104279641343,-0.5131299397982227,-0.3430860142326482,-0.41686556647853107,-0.841733381969902
0,arm_L_humerus_ik_bind,0.490369623382501,-0.21132390902190695,-0.8455056699628956,-0.41273203070268233,0.7981554567632492,-0.43886232199983755,0.7675870656125884,0.564172023690248,0.304171044627042
1,arm_L_elbow_ik_bind,-0.05160179177490187,0.0,0.9986677400845688,0.0,1.0,0.0,-0.9986677400845688,0.0,-0.05160179177490187
2,arm_L_wirst_ik_bind,-0.34008380964342194,0.7047532243205998,0.6226282158946338,-0.8976282858918645,-0.4406712163916577,0.008505257828530286,0.28036844113639064,-0.5559961976970839,0.7824715747943405
0,arm_L_humerus_ik_bind,0.549250151206697,-0.7816227017106296,0.2956183748855885,0.5462484807683387,0.6035286195218081,0.5808319917810851,-0.6324056203558777,-0.1575409711429902,0.7584483988733981
1,arm_L_elbow_ik_bind,0.9600084762927004,0.0,-0.2799709367883884,0.0,1.0,0.0,0.2799709367883884,0.0,0.9600084762927004
2,arm_L_wirst_ik_bind,0.3402721504059039,-0.7596589214073457,-0.554195982288188,0.8550017988650173,0.49526119159322435,-0.15390996081879757,0.39139083739368,-0.4214672884434654,0.8180333350031563
0,arm_L_humerus_ik_bind,0.9475332961651777,0.24905913596194315,0.20037514679281887,-0.20478466011988078,0.954278967605273,-0.21774961530574355,-0.24544631925930024,0.16529125439691203,0.9552145861438449
1,arm_L_elbow_ik_bind,0.9600084762927004,0.0,-0.2799709367883884,0.0,1.0,0.0,0.2799709367883884,0.0,0.9600084762927004
2,arm_L_wirst_ik_bind,0.2485390470720803,-0.9672467430594439,0.05159534980403052,-0.418508885355986,-0.05919470382682012,0.9062815787143337,-0.8735437338557197,-0.24683947228867809,-0.41951355158284764
0,arm_L_humerus_ik_bind,0.5872453738855977,0.10698172414717948,-0.8023077847986151,0.3469750825007931,0.8622585151896862,0.36894246855904983,0.7312668206431439,-0.4950405677127627,0.46923733157656294
1,arm_L_elbow_ik_bind,-0.21073699485704078,0.0,0.9775427965049016,0.0,1.0,0.0,-0.9775427965049016,0.0,-0.21073699485704078
2,arm_L_wirst_ik_bind,0.3733941126013695,0.7773737956358308,0.5062280301735343,-0.8024180029001291,0.5444847253485813,-0.2442575126456659,-0.4655128196907186,-0.3150021678033677,0.8270861194475307
0,arm_L_humerus_ik_bind,0.23264811076497238,-0.09258675643679425,0.9681438679710795,0.0729429972713196,0.9943156329945373,0.07756120893687073,-0.969821723672225,0.05257484679184897,0.2380792090423861
1,arm_L_elbow_ik_bind,0.9685423546189411,0.0,0.24884876392941443,-0.0,1.0,0.0,-0.24884876392941443,-0.0,0.9685423546189411
2,arm_L_wirst_ik_bind,-0.024032577675849206,0.7556511995815783,0.6545331922684865,-0.9873988603245258,-0.1203803155341705,0.10272327030289222,0.15641587464219156,-0.6438166231178057,0.7490221825534294
0,arm_L_humerus_ik_bind,0.8048466732027076,-0.5780006960718335,-0.1346737835475393,0.5390851567496119,0.6170993285379541,0.5732151537514095,-0.24821165646838556,-0.5339509472399893,0.8082619374526666
1,arm_L_elbow_ik_bind,0.4164778837821613,0.0,0.9091458476616017,-0.0,1.0,0.0,-0.9091458476616017,-0.0,0.4164778837821613
2,arm_L_wirst_ik_bind,0.9808032559428924,-0.19446466687686706,0.014438367923355039,-0.1021723602804969,-0.4494265275706453,0.8874551285053824,-0.16608968037338556,-0.8718940816706244,-0.46066791555436715
0,arm_L_humerus_ik_bind,0.9644379245614761,0.14006151863026128,-0.22414785447676583,-0.18567616528512193,0.9625721924014045,-0.19743134518248523,0.18810595767429722,0.2320291908673099,0.954347213163478
1,arm_L_elbow_ik_bind,0.6086829562344545,0.0,0.7934135484031548,-0.0,1.0,0.0,-0.7934135484031548,-0.0,0.6086829562344545
2,arm_L_wirst_ik_bind,0.7849873979326605,-0.3649451751579702,-0.5006094328074825,-0.0439969194958384,0.7731897737800306,-0.6326466982422826,0.6179474542077082,0.5186449583779867,0.5908877651359088
0,arm_L_humerus_ik_bind,0.8285563147420574,0.04984335138854375,0.5576827714959633,-0.03501698749201859,0.9986928727444013,-0.03723380878340089,-0.5588096669600882,0.011321936755396677,0.8292186502123926
1,arm_L_elbow_ik_bind,0.8823748660054601,0.0,0.47054712393324255,-0.0,1.0,0.0,-0.47054712393324255,-0.0,0.8823748660054601
2,arm_L_wirst_ik_bind,0.29121006152637885,0.0849511715997781,-0.9528798447388988,-0.5578547400237489,0.82425030915922,-0.09700266431374722,0.7771710166358742,0.5598166899037177,0.2874203969909004
0,arm_L_humerus_ik_bind,0.7433306695097958,0.139508446245649,-0.6542147271288254,0.6670341808042826,-0.2280550335855982,0.7092646214883633,-0.05024855624670732,-0.9636017305310303,-0.2625772029570064
1,arm_L_elbow_ik_bind,-0.21240689951910952,0.0,0.9771813081699213,0.0,1.0,0.0,-0.9771813081699213,0.0,-0.21240689951910952
2,arm_L_wirst_ik_bind,0.025551998980529733,0.49966213753163136,0.8658434290709954,0.6400639350899803,-0.6734899180531038,0.3697695083128849,0.7678966430094797,0.5447468022835418,-0.3370247276634568
0,arm_L_humerus_ik_bind,0.5725487326391147,-0.6480103703853903,-0.5022653766947636,0.684521079667415,0.04065285212810443,0.7278586656108498,-0.4512414434028638,-0.7605457944705496,0.46685249733600054
1,arm_L_elbow_ik_bind,0.9600084762927004,0.0,-0.2799709367883884,0.0,1.0,0.0,0.2799709367883884,0.0,0.9600084762927004
2,arm_L_wirst_ik_bind,-0.24576789534388707,-0.8549662307603427,-0.4567613007662624,-0.7751650011743488,0.45627236121260606,-0.4369608144305903,0.5819942977148552,0.24667443453451995,-0.7748769971901777
0,arm_L_humerus_ik_bind,0.8043597459942781,0.5923533316137962,0.04607525963091804,-0.48760210559024414,0.7024460543687894,-0.5184724942807287,-0.33948429366906047,0.39457201019301386,0.8538520616150453
1,arm_L_elbow_ik_bind,0.9600084762927004,0.0,-0.2799709367883884,0.0,1.0,0.0,0.2799709367883884,0.0,0.9600084762927004
2,arm_L_wirst_ik_bind,-0.8011949787031619,-0.11784375584457617,0.5866851415446649,-0.45107859750114637,-0.5252973762221315,-0.7215197609286546,0.3932107640658357,-0.8427191203138731,0.36770882404447874
0,arm_L_humerus_ik_bind,0.5972720936008151,0.7989794676012858,-0.06998468802005643,-0.6251372093307771,0.40909328025431946,-0.6647150950301106,-0.5024634471439959,0.44076580902144213,0.7438117946643804
1,arm_L_elbow_ik_bind,0.96301843788748,0.0,0.2694354993106104,-0.0,1.0,0.0,-0.2694354993106104,-0.0,0.96301843788748
2,arm_L_wirst_ik_bind,0.4185253809372057,0.10583411491036859,0.9020175417543197,-0.7141931053628401,-0.5751834723948077,0.3988636124492114,0.5610389592207925,-0.811149254579569,-0.16514288671165778
0,arm_L_humerus_ik_bind,0.6026090641819728,0.5916602487098662,0.5355375485083244,-0.4063963493647171,0.8050525075340457,-0.43212552266231163,-0.6868073405175266,0.04276225215916841,0.7255805033223522
1,arm_L_elbow_ik_bind,0.9600084762927004,0.0,-0.2799709367883884,0.0,1.0,0.0,0.2799709367883884,0.0,0.9600084762927004
2,arm_L_wirst_ik_bind,0.8552067381138195,0.38019564226603186,-0.3522395615013174,0.15740242490377856,0.45699931245890013,0.875429097669539,0.49380756547376964,-0.8041162241952419,0.33098517529771115
0,arm_L_humerus_ik_bind,0.7247066576652387,0.019542646958188303,-0.6887803316628214,-0.6615257703407833,-0.26000287795990173,-0.7034075338149298,-0.19283131361558423,0.9654100623063941,-0.17549785208614985
1,arm_L_elbow_ik_bind,0.33168296883184645,0.0,0.9433909095316174,-0.0,1.0,0.0,-0.9433909095316174,-0.0,0.33168296883184645
2,arm_L_wirst_ik_bind,-0.0940058118660243,0.1013874152205117,-0.9903956277015328,0.9871142918928316,-0.11990008401828599,-0.10596860192208545,-0.12949240161616857,-0.9875953431883482,-0.08880966184129634
0,arm_L_humerus_ik_bind,0.6685972968069553,0.07470878514660706,0.7398623197084372,-0.051192175674412685,0.9972042935036473,-0.0544330613470485,-0.7418605096998707,-0.0014813641718290052,0.6705526002544755
1,arm_L_elbow_ik_bind,0.9600084762927004,0.0,-0.2799709367883884,0.0,1.0,0.0,0.2799709367883884,0.0,0.9600084762927004
2,arm_L_wirst_ik_bind,0.4177447255654051,-0.7760489326022071,-0.47248005086909173,-0.18874288258990907,0.4345605160482351,-0.8806436749125854,0.8887437586469659,0.45706149706452703,0.035061650947968204
0,arm_L_humerus_ik_bind,0.9447252944517764,0.32504514553299213,0.04289255632904376,-0.2960011223753394,0.9018433306553455,-0.31474107216093117,-0.1409874234658667,0.28464760725835914,0.9482079340031633
1,arm_L_elbow_ik_bind,0.9605870099614663,0.0,0.27797948897947405,-0.0,1.0,0.0,-0.27797948897947405,-0.0,0.9605870099614663
2,arm_L_wirst_ik_bind,0.4929748984843618,-0.3333326392968074,-0.8036573281217299,0.2818693526841792,0.9350681981187922,-0.21493518298379405,0.823119321533479,-0.12056872084541533,0.5549214053106667
0,arm_L_humerus_ik_bind,0.8760406515822071,-0.13047302847362005,-0.46425161886238353,0.3054164182768939,0.8951293190108224,0.3247526962076447,0.3731937676627724,-0.4262866302010225,0.8240182769147304
1,arm_L_elbow_ik_bind,0.9600084762927004,0.0,-0.2799709367883884,0.0,1.0,0.0,0.2799709367883884,0.0,0.9600084762927004
2,arm_L_wirst_ik_bind,-0.8973005601171239,0.18492269898525557,0.4008182882722592,0.02680837519157013,0.9291733047832528,-0.36867096535767013,-0.4406052834829416,-0.32006337665871254,-0.8387052039237263
0,arm_L_humerus_ik_bind,0.9409660016174684,-0.19714741183691414,0.2751651900332613,0.15564179956754273,0.9738515243642054,0.16549573626196654,-0.30059709583994904,-0.11289865588004007,0.9470455530084436
1,arm_L_elbow_ik_bind,0.9600084762927004,0.0,-0.2799709367883884,0.0,1.0,0.0,0.2799709367883884,0.0,0.9600084762927004
