No.,jointName,rotate_00,rotate_01,rotate_02,rotate_10,rotate_11,rotate_12,rotate_20,rotate_21,rotate_22

0,arm_L_humerus_ik_bind,0.9821583067678747,0.15630315551142873,0.10456760504109948,-0.1399441421035931,0.9789141995379613,-0.14880398863552582,-0.12562124636282906,0.13151544973927012,0.983322423695365

1,arm_L_elbow_ik_bind,0.9600084762927004,0.0,-0.2799709367883884,0.0,1.0,0.0,0.2799709367883884,0.0,0.9600084762927004

2,arm_L_wirst_ik_bind,0.728880858624761,-0.6808437545790759,-0.07200330395959641,0.12532266969080808,0.23607343092224095,-0.9636200307559875,0.6730727467309902,0.6933405491266675,0.25739456199525923

0,arm_L_humerus_ik_bind,0.4911806873541467,0.7878642856297763,0.3714988557174706,-0.5426588573217263,0.610389316140647,-0.5770149454837645,-0.6813684003096904,0.08182145299635955,0.7273529768200431

1,arm_L_elbow_ik_bind,0.9997972042046759,0.0,-0.0201382835543053,0.0,1.0,0.0,0.0201382835543053,0.0,0.9997972042046759

2,arm_L_wirst_ik_bind,0.1919002421723482,-0.9012741758636943,-0.38843166319883504,-0.5058399540266957,0.2483330983460037,-0.8261093227752272,0.8410114374754156,0.35501483375641235,-0.40824530597233155

0,arm_L_humerus_ik_bind,0.9573987427037242,0.2399010962458789,-0.1607330441737282,-0.2786555767335839,0.9135419756851052,-0.2962973645117824,0.07575432017120755,0.3284638833743825,0.9414737172614105

1,arm_L_elbow_ik_bind,0.9600084762927004,0.0,-0.2799709367883884,0.0,1.0,0.0,0.2799709367883884,0.0,0.9600084762927004

2,arm_L_wirst_ik_bind,0.13696837189289301,-0.1617719713543384,-0.9772765700584156,0.5308267294019969,-0.8209742310350845,0.21029573302549756,-0.8363388359112527,-0.547568389573835,-0.026574617327958405

0,arm_L_humerus_ik_bind,0.6497254341005237,-0.08184241425470702,-0.7557504082114984,-0.420130735239099,0.7898879463357688,-0.44672944557183086,0.6335195542288649,0.6077654576087902,0.4788257751492057

1,arm_L_elbow_ik_bind,0.2506737491220294,0.0,0.9680716251916,-0.0,1.0,0.0,-0.9680716251916,-0.0,0.2506737491220294

2,arm_L_wirst_ik_bind,-0.8978209216610746,0.27909423617023676,-0.34062295865694575,-0.42004795213599755,-0.7749950150903835,0.4721678139087965,-0.1322017796174246,0.5670001180966446,0.8130397010874542

0,arm_L_humerus_ik_bind,0.7339314467836963,-0.26304026231924893,-0.6262223661136762,0.6745705216136948,0.1745470439163963,0.7172781474643399,-0.07936776922541144,-0.9488641366702972,0.30554477143147696

1,arm_L_elbow_ik_bind,0.3188343985769331,0.0,0.9478104379484779,-0.0,1.0,0.0,-0.9478104379484779,-0.0,0.3188343985769331

2,arm_L_wirst_ik_bind,-0.5234433590009244,-0.31194332019976956,0.7929050478465712,0.7413744925532492,0.29192220665300095,0.604272527138422,-0.4199653696547392,0.9041420188474746,0.07846208030107106

0,arm_L_humerus_ik_bind,0.8202662868985341,0.25354170753938327,0.5127180717662542,-0.1792182132813852,0.965176662660847,-0.19056453469388673,-0.5431795749159939,0.06442524654887624,0.8371411690994517

1,arm_L_elbow_ik_bind,0.9600084762927004,0.0,-0.2799709367883884,0.0,1.0,0.0,0.2799709367883884,0.0,0.9600084762927004

2,arm_L_wirst_ik_bind,-0.33324804343085557,0.09638702687548747,-0.9378993989760365,0.3640746739440591,0.9307596103461756,-0.03370726243352362,0.8697099363247688,-0.35269829712991163,-0.3452658944344588

0,arm_L_humerus_ik_bind,0.9568488178819575,0.24029429834503846,0.16339825550098802,-0.2029941832772963,0.9550936917517173,-0.21584578182503122,-0.20792715376661114,0.17336288575972997,0.9626586147578875

1,arm_L_elbow_ik_bind,0.9600084762927004,0.0,-0.2799709367883884,0.0,1.0,0.0,0.2799709367883884,0.0,0.9600084762927004

2,arm_L_wirst_ik_bind,-0.7123536853861216,-0.6819573018642713,-0.16579042599261803,-0.11355893502989947,-0.12111515904418257,0.9861214359928383,-0.6925724476122953,0.7212942233816279,0.008834484965679179

0,arm_L_humerus_ik_bind,0.8543872684188217,-0.4894257353341791,-0.17459909838376036,0.5001511185899503,0.6833889158006651,0.5318161790825972,-0.14096543596586195,-0.5417029069087497,0.8286656180327292

1,arm_L_elbow_ik_bind,0.30314492087503525,0.0,0.9529444668749949,-0.0,1.0,0.0,-0.9529444668749949,-0.0,0.30314492087503525

2,arm_L_wirst_ik_bind,0.4540949988180344,-0.3060564023056734,-0.8367360459883134,-0.02542085583103732,-0.9432152988962135,0.33120791055912974,-0.8905905412350096,-0.12912930936017053,-0.4360895657166065

0,arm_L_humerus_ik_bind,0.645783944282504,0.6441013297481929,-0.4099958223244982,-0.668637149858818,0.217824087627545,-0.7109690771601138,-0.368629162079736,0.7332708530044251,0.5713373758109603

1,arm_L_elbow_ik_bind,0.9600084762927004,0.0,-0.2799709367883884,0.0,1.0,0.0,0.2799709367883884,0.0,0.9600084762927004

2,arm_L_wirst_ik_bind,0.4295868781512026,-0.17336997837918802,0.8862268133593699,0.8529306084356653,0.400228557567811,-0.3351514268218997,-0.2965880835668715,0.8998666302869492,0.31980549773595374

0,arm_L_humerus_ik_bind,0.8739808682128388,-0.1682698739595803,-0.45589767658495406,0.3656137773418216,0.8456898376060333,0.3887611919774477,0.32013123530167636,-0.506452315709493,0.8006385227408901

1,arm_L_elbow_ik_bind,0.9600084762927004,0.0,-0.2799709367883884,0.0,1.0,0.0,0.2799709367883884,0.0,0.9600084762927004

2,arm_L_wirst_ik_bind,-0.6687702443886898,-0.4140262846046834,-0.6175180935622325,0.6828926947794053,-0.6704734158714513,-0.29003959389467854,-0.29394545010463147,-0.6156684450790945,0.7311281953916671

0,arm_L_humerus_ik_bind,0.9549413528934336,-0.14768833851346275,0.25743963797595654,0.11839234211257142,0.9849545512469439,0.12588798714345623,-0.27215853075580515,-0.0897367630632173,0.9580590000056246

1,arm_L_elbow_ik_bind,0.9600084762927004,0.0,-0.2799709367883884,0.0,1.0,0.0,0.2799709367883884,0.0,0.9600084762927004

2,arm_L_wirst_ik_bind,0.2620909426417705,-0.3883303365320447,-0.8834635745258865,0.7142319474715136,-0.5375891824404943,0.4481858946174114,-0.6489846400310233,-0.7484633729527915,0.13646067694370279

0,arm_L_humerus_ik_bind,0.6471045527264079,0.11474845235554766,0.7537164523365285,-0.07869240471921082,0.9933811494926115,-0.08367435253556453,-0.7583292182688623,-0.005165705638595607,0.651851296082927

1,arm_L_elbow_ik_bind,0.9600084762927004,0.0,-0.2799709367883884,0.0,1.0,0.0,0.2799709367883884,0.0,0.9600084762927004

2,arm_L_wirst_ik_bind,0.7263641713389757,0.38671205675319714,-0.5681979195287107,-0.4926485237537889,0.8693948314276161,-0.0380796419384368,0.4792624778117474,0.307581553817291,0.8220103801735628

0,arm_L_humerus_ik_bind,0.8798181436213653,0.269278189341434,0.3916749812020842,-0.19879228533802434,0.9569749361383566,-0.2113778580955766,-0.4317425870177041,0.1081121100894206,0.8954943384562927

1,arm_L_elbow_ik_bind,0.9600084762927004,0.0,-0.2799709367883884,0.0,1.0,0.0,0.2799709367883884,0.0,0.9600084762927004

2,arm_L_wirst_ik_bind,-0.4687078644317966,0.8501280963793805,0.23998991138411568,-0.38323792844671956,-0.44047882682300754,0.8118541083966344,0.7958904623248426,0.2885491688898065,0.5322572208184218

0,arm_L_humerus_ik_bind,0.9113795345833996,0.4104117883077069,-0.030814087048229306,-0.3859391414477917,0.8262232489792278,-0.410373149639143,-0.1429626631015501,0.38589805242353703,0.9113969333362021

1,arm_L_elbow_ik_bind,0.5380081427701021,0.0,0.8429396409666978,-0.0,1.0,0.0,-0.8429396409666978,-0.0,0.5380081427701021

2,arm_L_wirst_ik_bind,0.9374502466323787,0.23075589135051516,0.26065063532614213,-0.1698597642370589,0.956763752591241,-0.2361160355013124,-0.303866246204186,0.1770729802498267,0.93611455713669

0,arm_L_humerus_ik_bind,0.8053456949660902,0.5582053372357484,-0.19956230375777273,-0.5538701625434562,0.5885424127718227,-0.5889360503592956,-0.21129636684919736,0.5848287183870553,0.7831533792981317

1,arm_L_elbow_ik_bind,0.19643894773875947,0.0,0.980516057905881,-0.0,1.0,0.0,-0.980516057905881,-0.0,0.19643894773875947

2,arm_L_wirst_ik_bind,0.8668913344494686,-0.22733022544823367,0.4436444329122983,0.12447382260682693,0.9604861120836854,0.24894315813054665,-0.4827066207771173,-0.16058454811102293,0.8609337495800213

0,arm_L_humerus_ik_bind,0.7392538652530085,-0.5691139217315544,0.36001814787565484,0.407642781255554,0.8037086062710896,0.4334510803954919,-0.5360327281040993,-0.1736715874779547,0.8261398756289179

1,arm_L_elbow_ik_bind,0.9600084762927004,0.0,-0.2799709367883884,0.0,1.0,0.0,0.2799709367883884,0.0,0.9600084762927004

2,arm_L_wirst_ik_bind,0.753810284632859,0.569133291582744,-0.328416429543224,-0.25796351660663247,0.7159963463029784,0.6486941160367691,0.6043383811091827,-0.40427283917297346,0.6865410349173278

0,arm_L_humerus_ik_bind,0.7892587414224439,0.007135041057224503,-0.6140193240260208,-0.05217044600470456,0.9970962647794455,-0.055473266773719145,0.6118405704527365,0.07581642270636176,0.7873391812910623

1,arm_L_elbow_ik_bind,0.49790505967960896,0.0,0.8672315443671575,-0.0,1.0,0.0,-0.8672315443671575,-0.0,0.49790505967960896

2,arm_L_wirst_ik_bind,0.6672369446492081,0.69748246491629,0.26136769278066097,-0.7088866061301177,0.7023571559193345,-0.06460808910830866,-0.22863647859541777,-0.14217115271109035,0.9630746201579017

0,arm_L_humerus_ik_bind,0.6479730738119355,0.36040867406573324,0.6709966343230729,-0.24693028676458795,0.9327839151225983,-0.26256351834730546,-0.7205250371035486,0.0044446987229102295,0.6934146779238182

1,arm_L_elbow_ik_bind,0.9600084762927004,0.0,-0.2799709367883884,0.0,1.0,0.0,0.2799709367883884,0.0,0.9600084762927004

2,arm_L_wirst_ik_bind,-0.5473159544018175,-0.03421675422041302,-0.8362263209130928,-0.6391150096329126,-0.6280080755625068,0.4440020962677975,-0.5403491931326903,0.7774542242208837,0.32185039804535603

0,arm_L_humerus_ik_bind,0.7582150757534375,0.1123483188415211,-0.6422520954840808,-0.6225890120098575,0.4172907257512054,-0.6620055681991064,0.19363063038888895,0.9018016996299775,0.3863429480651682

1,arm_L_elbow_ik_bind,0.5595640648483046,0.0,0.828787100123091,-0.0,1.0,0.0,-0.828787100123091,-0.0,0.5595640648483046

2,arm_L_wirst_ik_bind,0.3924754290923643,-0.8263663579113827,-0.4038337282484479,-0.4333235371217262,0.2211534748816869,-0.8736829245922524,0.8112914086412358,0.5178897402536874,-0.27128668821910096

0,arm_L_humerus_ik_bind,0.9439458863100704,0.2718043574049563,0.18731939305361406,-0.22462867694953584,0.9447182899537794,-0.23884997408144704,-0.24188452040218836,0.18338414305082545,0.9528179967167485

1,arm_L_elbow_ik_bind,0.9600084762927004,0.0,-0.2799709367883884,0.0,1.0,0.0,0.2799709367883884,0.0,0.9600084762927004

2,arm_L_wirst_ik_bind,-0.7705043373212672,0.11910717773299459,0.6262080695596278,-0.2539981100459498,-0.9583963559461259,-0.1302358821610707,0.5846435035662334,-0.2594029782436345,0.7687015471664745

0,arm_L_humerus_ik_bind,0.8935492902784952,0.06584566979775475,0.4441103619728801,-0.04809226317010949,0.9975330333467967,-0.05113689084326012,-0.44638189934850014,0.024335060115471627,0.8945116012569104

1,arm_L_elbow_ik_bind,0.9600084762927004,0.0,-0.2799709367883884,0.0,1.0,0.0,0.2799709367883884,0.0,0.9600084762927004

2,arm_L_wirst_ik_bind,0.22150418407201383,0.058554179800759776,0.9733998687417473,0.19385784458875363,-0.9809165851073208,0.01489258717598643,0.9556960984172708,0.18540243010611268,-0.22862831491474075

0,arm_L_humerus_ik_bind,0.8611737770294003,0.45619032754605854,-0.22420997036335424,-0.5003586203125687,0.6830653469434722,-0.532036636787258,-0.08955990640805243,0.570361391451432,0.8164967276760925

1,arm_L_elbow_ik_bind,0.24492708533167407,0.0,0.9695415013659451,-0.0,1.0,0.0,-0.9695415013659451,-0.0,0.24492708533167407

2,arm_L_wirst_ik_bind,0.8020275015227197,-0.2933007132360155,0.5203139229508168,-0.20912019589582145,0.6781017477006883,0.7045897837988891,-0.5594824666329743,-0.6739085333934545,0.48252114787827316

0,arm_L_humerus_ik_bind,0.8740586745975143,-0.41141260179791334,-0.25838170299521657,0.48491706446689625,0.7063949899927136,0.5156176477798273,-0.029612057504412558,-0.5759737747459217,0.8169316598438878

1,arm_L_elbow_ik_bind,0.9600084762927004,0.0,-0.2799709367883884,0.0,1.0,0.0,0.2799709367883884,0.0,0.9600084762927004

2,arm_L_wirst_ik_bind,-0.4316324540432308,0.5792001944334716,0.6915349299817377,-0.781729418290881,0.1423487109295879,-0.6071539846491046,-0.4501028118055017,-0.8026605629186682,0.39133550764001457

0,arm_L_humerus_ik_bind,0.8169266188245865,0.269589727390766,0.5098551542754088,-0.19053836767221494,0.9605455804720445,-0.2026013777851246,-0.544358365326222,0.0683634896783028,0.8360624398801613

1,arm_L_elbow_ik_bind,0.9600084762927004,0.0,-0.2799709367883884,0.0,1.0,0.0,0.2799709367883884,0.0,0.9600084762927004

2,arm_L_wirst_ik_bind,0.42680536224885146,-0.5249874703641397,-0.7363595172986415,-0.8789893679542484,-0.43227535470875555,-0.20128514285662358,-0.2126378935632548,0.7331617650096612,-0.6459558441169962

0,arm_L_humerus_ik_bind,0.9479025846289684,0.2750975779104927,-0.1606300491237611,-0.3144984569363509,0.8884036322645732,-0.3344094896437109,0.05070907846111734,0.3675055221447609,0.92863786297713

1,arm_L_elbow_ik_bind,0.9600084762927004,0.0,-0.2799709367883884,0.0,1.0,0.0,0.2799709367883884,0.0,0.9600084762927004

2,arm_L_wirst_ik_bind,-0.5491094380990926,-0.5138233047720525,0.6591391631997184,0.6519836804156883,-0.756787596779303,-0.04679544670820607,0.5228729343369306,0.4040521560815304,0.7505636213564806

0,arm_L_humerus_ik_bind,0.6033783955404954,0.5959056677245004,0.5299348516268718,-0.40944693419333206,0.8017523497989737,-0.4353692429094013,-0.6843155119348521,0.04571219493353379,0.727751795160754

1,arm_L_elbow_ik_bind,0.9600084762927004,0.0,-0.2799709367883884,0.0,1.0,0.0,0.2799709367883884,0.0,0.9600084762927004

2,arm_L_wirst_ik_bind,-0.9171999721254627,-0.04099235750726021,-0.3963128029209341,-0.3162873457090771,-0.5299878319428141,0.786813327884615,-0.24229429641936887,0.8470138869100979,0.4731394607344545

0,arm_L_humerus_ik_bind,0.8912371620210614,-0.40681556122336776,-0.20049294296598144,0.4513574884886821,0.7522900735736178,0.47993339411608943,-0.04441552226230338,-0.5182284673279892,0.8540881201802599

1,arm_L_elbow_ik_bind,0.9600084762927004,0.0,-0.2799709367883884,0.0,1.0,0.0,0.2799709367883884,0.0,0.9600084762927004

2,arm_L_wirst_ik_bind,0.31134877288623375,-0.5817290218596721,0.7514341533018216,-0.14918732498252701,-0.8108535645449529,-0.5659148689770414,0.9385121649114594,0.06409244878246673,-0.3392448589474464

0,arm_L_humerus_ik_bind,0.7237131386055558,0.18097373816502665,0.6659487961579866,-0.12429625462184714,0.9834036520110151,-0.13216542020657057,-0.6788149483450376,0.012874909940453623,0.7341965013518851

1,arm_L_elbow_ik_bind,0.9600084762927004,0.0,-0.2799709367883884,0.0,1.0,0.0,0.2799709367883884,0.0,0.9600084762927004

2,arm_L_wirst_ik_bind,0.4174414588875788,-0.8674354389228245,0.270736749819039,0.5695918944279684,0.48191916941351276,0.6658220392520422,-0.7080308624655904,-0.12373226520417793,0.6952572360958749

0,arm_L_humerus_ik_bind,0.6757050853500773,-0.5979484000051684,-0.43113843317814227,0.6647988536947049,0.24156173344491372,0.7068878362663308,-0.31853590340533183,-0.7642680418978328,0.560739902606727

1,arm_L_elbow_ik_bind,-0.37143663999179455,0.0,0.9284583041104248,0.0,1.0,0.0,-0.9284583041104248,0.0,-0.37143663999179455

2,arm_L_wirst_ik_bind,0.805324734942038,0.18311679948181608,0.5638442240885975,0.3829875440865425,0.5652865003672272,-0.7305968201252533,-0.45251807960024626,0.8043130051479394,0.3851077477600208

0,arm_L_humerus_ik_bind,0.7254714385676015,-0.25926410828375507,0.6375525970290483,0.1783700234396852,0.9655113249751507,0.18966290117694348,-0.664737035647015,-0.023874746083638543,0.7466958349546762

1,arm_L_elbow_ik_bind,0.9600084762927004,0.0,-0.2799709367883884,0.0,1.0,0.0,0.2799709367883884,0.0,0.9600084762927004

2,arm_L_wirst_ik_bind,0.7042260387976984,-0.6904335454391979,-0.16543036484140902,-0.2503345005558143,-0.02342877587618686,-0.9678758857892962,0.6643781484296227,0.7230163288565499,-0.18933849079366777

0,arm_L_humerus_ik_bind,0.826990170710949,-0.26875559644678876,-0.4938194881998949,0.5429217230418772,0.60989091641351,0.5772946151884045,0.14602486157060524,-0.7455222997703153,0.6502870445799036

1,arm_L_elbow_ik_bind,0.9600084762927004,0.0,-0.2799709367883884,0.0,1.0,0.0,0.2799709367883884,0.0,0.9600084762927004

2,arm_L_wirst_ik_bind,-0.8427475360846589,0.35614495491522474,0.40365500308019076,0.21237707588305688,0.909005079558323,-0.3586164287599345,-0.49464388004158966,-0.2164960425171772,-0.8416988152016146

0,arm_L_humerus_ik_bind,0.5961533603787783,-0.262359960136065,-0.7587940578486977,0.6002491911460359,-0.48201252668822026,0.6382513867154285,-0.5331998494351062,-0.8359612284269168,-0.12987203366906883

1,arm_L_elbow_ik_bind,-0.14056470602545224,0.0,0.9900714940952388,0.0,1.0,0.0,-0.9900714940952388,0.0,-0.14056470602545224

2,arm_L_wirst_ik_bind,-0.4261975693326197,0.5588579999181995,0.7113602236718015,-0.7786379800771784,0.1736854337206379,-0.6029562721247743,-0.460519845257832,-0.8108705852604983,0.3611237545260613

0,arm_L_humerus_ik_bind,0.7703701999661418,0.11447429194502748,-0.6272363123160293,0.5825313850371495,-0.5262947370726592,0.61941184617048,-0.25920443756006073,-0.8425612655548003,-0.47212664967767604

1,arm_L_elbow_ik_bind,-0.03877300984857034,0.0,0.9992480441348297,0.0,1.0,0.0,-0.9992480441348297,0.0,-0.03877300984857034

2,arm_L_wirst_ik_bind,-0.9166243664839846,-0.3989833379033609,-0.024739984707499933,-0.3971850136232334,0.9019986901524792,0.16924073952900234,-0.045208801365957306,0.16495653681713973,-0.9852641804309898

0,arm_L_humerus_ik_bind,0.8032074711557509,0.15498391654062318,0.5751849649402466,-0.10817011261561195,0.9874563347894266,-0.11501831863210894,-0.5857960268014025,0.03016575041268932,0.8098969332487498

1,arm_L_elbow_ik_bind,0.9600084762927004,0.0,-0.2799709367883884,0.0,1.0,0.0,0.2799709367883884,0.0,0.9600084762927004

2,arm_L_wirst_ik_bind,-0.6405875656272596,0.4186018477306083,-0.6437546612182802,0.19782333751272457,-0.7200869100809263,-0.6650870387140554,-0.7419659681542465,-0.5533961826816529,0.37846950616173325

0,arm_L_humerus_ik_bind,0.7680296056775396,0.11441729132346687,0.6301104730513561,-0.07903397356384083,0.993323372230852,-0.08403754638635294,-0.6355188083963471,0.014743189143778482,0.7719446110624504

1,arm_L_elbow_ik_bind,0.9600084762927004,0.0,-0.2799709367883884,0.0,1.0,0.0,0.2799709367883884,0.0,0.9600084762927004

2,arm_L_wirst_ik_bind,-0.6587535691488454,0.5738973343495345,-0.4865034272851084,-0.5589411532724606,-0.8061606973308144,-0.19413839717466252,-0.503615450827424,0.14403742467009806,0.8518360745955154

0,arm_L_humerus_ik_bind,0.8236143102827804,0.31812051204186614,0.46953041191773776,-0.22690454418400996,0.9435587684142418,-0.24126992845617118,-0.5197824503829138,0.09217478162068052,0.8493114940392089

1,arm_L_elbow_ik_bind,0.9600084762927004,0.0,-0.2799709367883884,0.0,1.0,0.0,0.2799709367883884,0.0,0.9600084762927004

2,arm_L_wirst_ik_bind,0.06667800307401461,0.012219417643982933,0.9976997192234263,0.978065142991095,0.19696370823496043,-0.06777812113168878,-0.1973388455724574,0.9803346283136056,0.001181760277930044

0,arm_L_humerus_ik_bind,0.4774757355398452,0.6299833621155064,0.61248500832945,-0.43271001772400897,0.775284016200012,-0.46010513449218016,-0.764708416673945,-0.0453393612926129,0.6427794176742176

1,arm_L_elbow_ik_bind,0.9600084762927004,0.0,-0.2799709367883884,0.0,1.0,0.0,0.2799709367883884,0.0,0.9600084762927004

2,arm_L_wirst_ik_bind,-0.5031668307665462,-0.0658576611255729,-0.8616762204490844,0.6652846847541194,0.6068653880714836,-0.4348685881878106,0.551560902029832,-0.7920714419999731,-0.2615404406972681

0,arm_L_humerus_ik_bind,0.7627055292512532,-0.5917776387142508,0.26092048974227944,0.43768783066509603,0.7693073403011207,0.46539830150796385,-0.4761403559217048,-0.2407601347328932,0.8457688330661939

1,arm_L_elbow_ik_bind,0.9600084762927004,0.0,-0.2799709367883884,0.0,1.0,0.0,0.2799709367883884,0.0,0.9600084762927004

2,arm_L_wirst_ik_bind,-0.33540237480832197,-0.5977941420975774,-0.7281122239371896,0.9254131020390302,-0.06434903324759,-0.3734565469965687,0.17639681841642643,-0.7990628045366162,0.574789349987141

0,arm_L_humerus_ik_bind,0.8733451801822916,-0.1578604898801487,0.4608126104905987,0.11417091196129671,0.9860158284923126,0.12139929499195698,-0.473532680091128,-0.05341209317577637,0.8791552474894838

1,arm_L_elbow_ik_bind,0.9600084762927004,0.0,-0.2799709367883884,0.0,1.0,0.0,0.2799709367883884,0.0,0.9600084762927004

2,arm_L_wirst_ik_bind,0.10038665925718515,-0.32054875364166513,-0.9418975608748315,-0.8533896819920015,-0.5144409686502459,0.08412217569575794,-0.5115159521586524,0.7953609157564709,-0.32519600916102154

0,arm_L_humerus_ik_bind,0.6758944158519944,0.4169392177578656,-0.6077239729643306,0.6842733720241,-0.048734841741269186,0.727595263549194,0.27374566838373704,-0.9076269078734458,-0.3182400118546198

1,arm_L_elbow_ik_bind,0.5993304526527123,0.0,0.800501722998205,-0.0,1.0,0.0,-0.800501722998205,-0.0,0.5993304526527123

2,arm_L_wirst_ik_bind,-0.017975768238404518,0.4312136110289882,-0.9020707807148944,0.037666604668179636,-0.9012840406885516,-0.4315881194992378,-0.9991286697162735,-0.04173607149047128,-4.107958177690385e-05

0,arm_L_humerus_ik_bind,0.8160095160023602,0.41336565853006435,-0.4040511132785062,-0.5769354796860536,0.5392682511096132,-0.6134616578276124,-0.03569204495426365,0.7337019733469343,0.6785333390731787

1,arm_L_elbow_ik_bind,0.9600084762927004,0.0,-0.2799709367883884,0.0,1.0,0.0,0.2799709367883884,0.0,0.9600084762927004

2,arm_L_wirst_ik_bind,-0.6520224853342291,0.08174533679675462,-0.753780059785718,-0.7132790709407144,-0.403247172880688,0.5732579563527089,-0.2570985133689553,0.9114326181763073,0.32123346174979245

0,arm_L_humerus_ik_bind,0.7671770167959805,-0.3785006535748921,-0.5178577798424963,0.6378480868817524,0.36490106191827887,0.6782308110608076,-0.06774395147397569,-0.8506376844781166,0.5213696258743883

1,arm_L_elbow_ik_bind,0.9600084762927004,0.0,-0.2799709367883884,0.0,1.0,0.0,0.2799709367883884,0.0,0.9600084762927004

2,arm_L_wirst_ik_bind,0.24493149764838495,0.5558157083504721,-0.7944038392471315,0.06867162836838124,0.8073580440163662,0.5860522128780867,0.9671053556448512,-0.19809565142357427,0.15957864509424713

0,arm_L_humerus_ik_bind,0.7625142855855186,-0.6190211946600697,-0.18810827956160373,0.5815976054015766,0.5284903565675316,0.6184190880028491,-0.2834011109172974,-0.5809567140301795,0.763002691184047

1,arm_L_elbow_ik_bind,0.9600084762927004,0.0,-0.2799709367883884,0.0,1.0,0.0,0.2799709367883884,0.0,0.9600084762927004

2,arm_L_wirst_ik_bind,0.476052195621407,-0.23078185231735288,-0.848595335648865,0.41967232145082395,-0.788368270697573,0.44983398311532125,-0.7728191571461686,-0.5702764298112718,-0.2784516905130867

0,arm_L_humerus_ik_bind,0.478431398177786,0.5576964341097691,-0.6782905606146209,-0.6565075533399137,-0.28582137026618937,-0.6980716128785057,-0.5831819867290905,0.779282254180349,0.229386003658255

1,arm_L_elbow_ik_bind,0.9600084762927004,0.0,-0.2799709367883884,0.0,1.0,0.0,0.2799709367883884,0.0,0.9600084762927004

2,arm_L_wirst_ik_bind,0.8387715381858817,0.5437914860827628,0.02744314838334634,-0.5272648400368484,0.7986388811324795,0.290116745473917,0.13584585083912773,-0.257811476097092,0.9565976937053695

0,arm_L_humerus_ik_bind,0.7972396933150491,0.11925957979942625,0.5917651764247291,-0.08298906760089983,0.9926358750450542,-0.0882430407016487,-0.5979311716758542,0.021240814475999535,0.8012659619244639

1,arm_L_elbow_ik_bind,0.9916884439502959,0.0,0.12866246591543695,-0.0,1.0,0.0,-0.12866246591543695,-0.0,0.9916884439502959

2,arm_L_wirst_ik_bind,0.786008505700464,0.1319415241673634,0.6039719059417554,-0.588400819672358,0.45939734219162365,0.665386021341123,-0.18967104253264624,-0.8783766368635185,0.43872471942769986

0,arm_L_humerus_ik_bind,0.7448760592237003,0.08636782010633082,-0.6615891897888377,-0.6508873963870645,0.31200854638714015,-0.6920955600246632,0.14664669658686066,0.9461454785768754,0.28862342203760416

1,arm_L_elbow_ik_bind,0.9600084762927004,0.0,-0.2799709367883884,0.0,1.0,0.0,0.2799709367883884,0.0,0.9600084762927004

2,arm_L_wirst_ik_bind,0.3511128291150672,-0.9287924993819564,0.11859289322144019,-0.8643660375779157,-0.3702109024257076,-0.3403163833949171,0.35998768633477823,0.016981778969280107,-0.9328024897428029

0,arm_L_humerus_ik_bind,0.9359965578969063,-0.2244016214439908,0.2712090630831702,0.1770519960314003,0.9660280664945116,0.18826142846099006,-0.3042417366280311,-0.12819394306356013,0.9439297000600079

1,arm_L_elbow_ik_bind,0.9600084762927004,0.0,-0.2799709367883884,0.0,1.0,0.0,0.2799709367883884,0.0,0.9600084762927004

2,arm_L_wirst_ik_bind,-0.1652029225445466,0.08144304716618202,0.9828911559532053,-0.5186790043324024,-0.8548127392041323,-0.01634843598258804,0.8388564149170518,-0.5125058155402883,0.18346036135878374

0,arm_L_humerus_ik_bind,0.7832516648679805,-0.008368846034589981,-0.621648447193095,0.06812037630754766,0.9950442385090842,0.07243326405453918,0.6179615229229527,-0.09908040081633618,0.7799401453706684

1,arm_L_elbow_ik_bind,0.3174004507707795,0.0,0.9482915974796499,-0.0,1.0,0.0,-0.9482915974796499,-0.0,0.3174004507707795

2,arm_L_wirst_ik_bind,0.7094814328314741,-0.5922929416940746,-0.38187061642234005,-0.23676446758576364,0.31004082053191817,-0.92076993678808,0.6637610137362908,0.7436825672444356,0.07973428259222781

0,arm_L_humerus_ik_bind,0.6962175887754569,-0.5914166548231102,0.40682601868308643,0.4161782068141981,0.7943334642036415,0.4425268893741496,-0.5848732933316475,-0.1387828809474874,0.7991636520158485

1,arm_L_elbow_ik_bind,0.9600084762927004,0.0,-0.2799709367883884,0.0,1.0,0.0,0.2799709367883884,0.0,0.9600084762927004

2,arm_L_wirst_ik_bind,-0.28794940119993234,0.7106078884923521,-0.6419669548824465,0.3018329072105673,0.7035368221031163,0.6433761233290094,0.9088355398384338,-0.008506982866361755,-0.4170678515171051

0,arm_L_humerus_ik_bind,0.7732398156867298,-0.01625388130155103,-0.6339053547489462,-0.15935403477735027,-0.9725715206297911,-0.1694429959013815,-0.6137641884607892,0.2320354468664036,-0.7546211449201363

1,arm_L_elbow_ik_bind,0.7703589832517064,0.0,0.6376104115550476,-0.0,1.0,0.0,-0.6376104115550476,-0.0,0.7703589832517064

2,arm_L_wirst_ik_bind,0.3224389924428943,0.3404371089804333,0.8832528918613605,-0.8241562318370868,-0.3580115063264436,0.43885563328042865,0.46561744133623917,-0.8694425433384982,0.16513649553196388

0,arm_L_humerus_ik_bind,0.9271061570855595,-0.36338182224473675,0.09180318489105052,0.3149267464347275,0.8880802267337674,0.33486512996210405,-0.20321249438477607,-0.2815442454510384,0.9377833011838729

1,arm_L_elbow_ik_bind,0.9345500251420638,0.0,0.3558317727620286,-0.0,1.0,0.0,-0.3558317727620286,-0.0,0.9345500251420638

2,arm_L_wirst_ik_bind,-0.8008879123278159,-0.14250042519808642,0.5816117095670936,-0.5147673019491102,-0.332378222246354,-0.7902780157769712,0.30593001933649183,-0.9323188007300496,0.19284314111229328

0,arm_L_humerus_ik_bind,0.6876197176685248,-0.10260453983569387,-0.7187846911826683,-0.6098219146025935,0.4556923814055973,-0.6484301704881744,0.39407658690143665,0.8842040273228806,0.2507725697162936

1,arm_L_elbow_ik_bind,0.9312938423778238,0.0,0.36426882813267025,-0.0,1.0,0.0,-0.36426882813267025,-0.0,0.9312938423778238

2,arm_L_wirst_ik_bind,-0.5637740982612397,-0.540199085756038,0.6247749305774579,-0.821074426613645,0.2846733075243854,-0.49477054676304383,0.08941785107460803,-0.7919255367340216,-0.604035091842959

0,arm_L_humerus_ik_bind,0.765776687398475,-0.534406002722053,0.35776569048981693,0.38544908336123096,0.826710414162936,0.40985228467160406,-0.5147961433159782,-0.1759548674211199,0.8390618662874693

1,arm_L_elbow_ik_bind,0.9600084762927004,0.0,-0.2799709367883884,0.0,1.0,0.0,0.2799709367883884,0.0,0.9600084762927004

2,arm_L_wirst_ik_bind,-0.9483260690853813,-0.07325598624769512,-0.308725164461768,-0.004080961104852231,0.9757189688693015,-0.21898821782252972,0.31727119700585626,-0.20641234039539527,-0.9255986891104404

0,arm_L_humerus_ik_bind,0.9091800231871269,0.4040478399990911,0.10068281099335835,-0.34387697845053566,0.8648989360332455,-0.36564799211849863,-0.23481973752047605,0.29781734912632046,0.9252915850855804

1,arm_L_elbow_ik_bind,0.9600084762927004,0.0,-0.2799709367883884,0.0,1.0,0.0,0.2799709367883884,0.0,0.9600084762927004

2,arm_L_wirst_ik_bind,-0.8470784594896529,0.39395416225880947,-0.356732675133069,0.49966997956781906,0.36164551965449593,-0.7871101762984167,-0.18107455643278936,-0.844992684082406,-0.5031891978767821

0,arm_L_humerus_ik_bind,0.8495412670654579,-0.48361824002916753,0.21069654354997602,0.3763943324028851,0.8355524155829898,0.400224271313494,-0.36960376362775704,-0.2607020497129266,0.8918674224276139

1,arm_L_elbow_ik_bind,0.9600084762927004,0.0,-0.2799709367883884,0.0,1.0,0.0,0.2799709367883884,0.0,0.9600084762927004

2,arm_L_wirst_ik_bind,-0.9010528614296163,0.14370570662419158,-0.40920949499387455,0.2127267217841408,0.9686601402832029,-0.1282375704132704,0.3779564561539766,-0.20259862415664998,-0.9033840350268312

0,arm_L_humerus_ik_bind,0.5122747261632672,0.7257941936350791,-0.4591267727109309,-0.6849105212032289,0.022723838749336922,-0.7282727546033941,-0.5181430139251816,0.6875364831324221,0.5087449277215741

1,arm_L_elbow_ik_bind,0.9600084762927004,0.0,-0.2799709367883884,0.0,1.0,0.0,0.2799709367883884,0.0,0.9600084762927004

2,arm_L_wirst_ik_bind,-0.09970670666369189,0.5465216844158308,-0.831488196614699,0.902352098126739,0.401815193326584,0.15590138363142253,0.41930807725651176,-0.7347507052566901,-0.5332186582184127

0,arm_L_humerus_ik_bind,0.9833349355614348,-0.07129615998039535,0.1672401329718398,0.0611554924605511,0.9960077506517624,0.06502742793255922,-0.17120867456497715,-0.05371608896472806,0.9837693690799878

1,arm_L_elbow_ik_bind,0.9600084762927004,0.0,-0.2799709367883884,0.0,1.0,0.0,0.2799709367883884,0.0,0.9600084762927004

2,arm_L_wirst_ik_bind,0.23197011357922348,-0.011083874516379323,-0.9726597627802579,-0.1396598561374022,-0.9899545210623619,-0.022026593287907785,-0.9626447896237337,0.14095103388728983,-0.23118783500950446

0,arm_L_humerus_ik_bind,0.4529662269300335,0.342953727429199,-0.8229242602470702,-0.5237723729036459,-0.6445837698798216,-0.556932908877183,-0.7214458390230366,0.6832967908968511,-0.11234499057105805

1,arm_L_elbow_ik_bind,0.9600084762927004,0.0,-0.2799709367883884,0.0,1.0,0.0,0.2799709367883884,0.0,0.9600084762927004

2,arm_L_wirst_ik_bind,0.6272094940486272,-0.44261268101675744,0.6408605660971997,0.4242730047675567,-0.49586069895024953,-0.7577034938959168,0.6531467430836458,0.7471386630604312,-0.12321992598398102

0,arm_L_humerus_ik_bind,0.8084598493308779,-0.49212047665651004,0.32281590492920814,0.3625551519479487,0.8484907967360249,0.3855089229191271,-0.4636231592747433,-0.1946299162760829,0.8643915558787412

1,arm_L_elbow_ik_bind,0.9600084762927004,0.0,-0.2799709367883884,0.0,1.0,0.0,0.2799709367883884,0.0,0.9600084762927004

2,arm_L_wirst_ik_bind,-0.9482504384760024,-0.09979824145066163,0.3014322758654498,0.09158072517502311,-0.9949404718727749,-0.04130893615183605,0.30402972997140604,-0.011565830404040212,0.9525923340341234

0,arm_L_humerus_ik_bind,0.38831561987290836,0.6784383829773946,0.6236444017753519,-0.4697110159684806,0.7279577979225017,-0.4994487019921862,-0.7928319751628187,-0.09898891325214067,0.6013473656819189

1,arm_L_elbow_ik_bind,0.9600084762927004,0.0,-0.2799709367883884,0.0,1.0,0.0,0.2799709367883884,0.0,0.9600084762927004

2,arm_L_wirst_ik_bind,-0.8814639908319208,-0.1670799230339889,-0.44170751882396203,0.34346437935785396,-0.8687500911762083,-0.35679896187300625,-0.32411950416318436,-0.46621623566783593,0.8231579244718017

0,arm_L_humerus_ik_bind,0.7750578853710679,0.057662288143832036,-0.6292537920824525,-0.42610128289325544,0.7830440778064711,-0.4530779943110625,0.4666079414678349,0.6192875202506757,0.6314744620496688

1,arm_L_elbow_ik_bind,0.8842157142717572,0.0,0.46707876277442356,-0.0,1.0,0.0,-0.46707876277442356,-0.0,0.8842157142717572

2,arm_L_wirst_ik_bind,-0.03746709196057795,-0.9818243764225704,-0.18605674102931127,-0.4970837492681643,-0.14320659534525038,0.8558034922008244,-0.8668932824941733,0.12455025054993796,-0.482683407477847

0,arm_L_humerus_ik_bind,0.7851144804804336,0.09380161177333411,0.6122062643984159,-0.06502300758155716,0.9954856770655641,-0.06913953458307452,-0.6159279673995876,0.014474957203394534,0.787669483088543

1,arm_L_elbow_ik_bind,0.9600084762927004,0.0,-0.2799709367883884,0.0,1.0,0.0,0.2799709367883884,0.0,0.9600084762927004

2,arm_L_wirst_ik_bind,0.5006309799354177,0.43673796239495327,0.747414593202466,-0.18405378131956873,0.8973641175595466,-0.40107586077766455,-0.8458680910820976,0.06322651911722234,0.5296315509573121

0,arm_L_humerus_ik_bind,0.6951058307824436,-0.41787518571679216,0.5849856521098662,0.2878903918247487,0.9074202184468972,0.3061170845424635,-0.6587465417801004,-0.04437202176982316,0.7510553357621639

1,arm_L_elbow_ik_bind,0.9600084762927004,0.0,-0.2799709367883884,0.0,1.0,0.0,0.2799709367883884,0.0,0.9600084762927004

2,arm_L_wirst_ik_bind,-0.8547213970102518,0.3153635982038848,0.4123070875218403,-0.4793166184440604,-0.1745772987310572,-0.8601036833144702,-0.1992659348112335,-0.9327746607276948,0.3003739661291226

0,arm_L_humerus_ik_bind,0.5730961380131742,-0.3218296063656848,0.7536488048560104,0.2215662212440928,0.9462578571088597,0.2355938824828916,-0.788967189557334,0.031965173646598115,0.6136032932406281

1,arm_L_elbow_ik_bind,0.9600084762927004,0.0,-0.2799709367883884,0.0,1.0,0.0,0.2799709367883884,0.0,0.9600084762927004

2,arm_L_wirst_ik_bind,0.5715985664246565,-0.6226146560504077,0.5344399582109391,-0.760553295318991,-0.15757114890853072,0.6298650792122623,-0.3079509114139807,-0.7665000476861554,-0.5635990711990398

0,arm_L_humerus_ik_bind,0.9748371823683389,0.2194913580473215,-0.038935993819349105,-0.22240742397184643,0.9458373646002805,-0.23648809164142573,-0.01507997461420999,0.23919703900453818,0.9708539390130198

1,arm_L_elbow_ik_bind,0.9600084762927004,0.0,-0.2799709367883884,0.0,1.0,0.0,0.2799709367883884,0.0,0.9600084762927004

2,arm_L_wirst_ik_bind,0.8910131312834666,-0.3758521110814651,0.2546189122513053,0.42295304021430014,0.891043285768496,-0.164780425598319,-0.16494340136517288,0.2545133660193281,0.9528990612145647

0,arm_L_humerus_ik_bind,0.8352747697651794,-0.3374105276005621,0.4341315409619955,0.24322073931596064,0.9348581157180023,0.2586193640135708,-0.49311229041702453,-0.11042843538009868,0.8629286353454607

1,arm_L_elbow_ik_bind,0.8495145549186462,0.0,0.5275651817371713,-0.0,1.0,0.0,-0.5275651817371713,-0.0,0.8495145549186462

2,arm_L_wirst_ik_bind,0.17773249314731887,0.3690725973733754,-0.9122480905695055,-0.8115706537582978,0.5792591284605796,0.07623605481279234,0.5565646726463759,0.7268041551636588,0.40248165821422505

0,arm_L_humerus_ik_bind,0.8895898755179862,-0.23287172616300872,-0.39293843351058766,-0.4004844518764119,-0.8113401748890878,-0.4258395524328325,-0.21964074572160766,0.5361882876050221,-0.8150215107922313

1,arm_L_elbow_ik_bind,0.1232041797415373,0.0,0.9923813430804789,-0.0,1.0,0.0,-0.9923813430804789,-0.0,0.1232041797415373

2,arm_L_wirst_ik_bind,-0.4715792763902815,-0.46679918514466584,0.7481386949139139,0.3358941108998495,0.6893533667942716,0.6418466187121359,-0.8153454067706631,0.5539769457637009,-0.16828966462710526

0,arm_L_humerus_ik_bind,0.160692833101995,0.6521994515247171,0.7408196061258856,-0.4853417746838047,0.7057733967126861,-0.5160690595641365,-0.859430727363427,-0.27662210310005125,0.42995236589659014

1,arm_L_elbow_ik_bind,0.9600084762927004,0.0,-0.2799709367883884,0.0,1.0,0.0,0.2799709367883884,0.0,0.9600084762927004

2,arm_L_wirst_ik_bind,-0.347091554126709,0.9323208694790037,0.10151477423419934,0.9085389608691341,0.3611168405987384,-0.21012278319787112,-0.23256055047393565,0.01929828411802556,-0.9723904393778047

0,arm_L_humerus_ik_bind,0.8355522682420654,0.36429889094731366,0.4112647870777377,-0.2640872125833071,0.9227164035842502,-0.2808066642843902,-0.48177832162263057,0.1260188740272834,0.8671844626164475

1,arm_L_elbow_ik_bind,0.9600084762927004,0.0,-0.2799709367883884,0.0,1.0,0.0,0.2799709367883884,0.0,0.9600084762927004

2,arm_L_wirst_ik_bind,-0.6096987033716503,-0.20882095545545423,0.7646314796485949,-0.3262106154207822,-0.8130824980681508,-0.4821654132370447,0.7223947158539596,-0.5434065328075535,0.4276157324144544

0,arm_L_humerus_ik_bind,0.8143221999770507,-0.5110363011113954,-0.27517495084204047,0.56139906928718,0.5731418721174146,0.5969417722267669,-0.1473446287722235,-0.6405858985117674,0.753617454017519

1,arm_L_elbow_ik_bind,0.9600084762927004,0.0,-0.2799709367883884,0.0,1.0,0.0,0.2799709367883884,0.0,0.9600084762927004

2,arm_L_wirst_ik_bind,-0.897328560179701,0.09048589209959272,0.43198814615307,0.33862519053047657,-0.48661058990116535,0.8053217457229369,0.2830802632187975,0.8689202708689565,0.40600877755166287

0,arm_L_humerus_ik_bind,0.9347363683976179,-0.33154357124519523,0.12785453437721553,0.28217047748052115,0.9112402523027597,0.30003503832322226,-0.2159808862683159,-0.2443768871010203,0.9453212119790648

1,arm_L_elbow_ik_bind,0.9600084762927004,0.0,-0.2799709367883884,0.0,1.0,0.0,0.2799709367883884,0.0,0.9600084762927004

2,arm_L_wirst_ik_bind,0.25712523507386437,0.9560076283588129,-0.14119499993968437,-0.7602080070886149,0.2903040491156594,0.5812119622180955,0.5966325497712691,-0.04210669289804519,0.8014091507879252

0,arm_L_humerus_ik_bind,0.7587934645811675,0.22575871089078695,-0.6109545666952974,-0.6503356218411633,0.3144504519913793,-0.691508851864446,0.03600079267704798,0.9220379155432532,0.3854218795388722

1,arm_L_elbow_ik_bind,0.9600084762927004,0.0,-0.2799709367883884,0.0,1.0,0.0,0.2799709367883884,0.0,0.9600084762927004

2,arm_L_wirst_ik_bind,0.873559991619043,0.3058470546744522,-0.3786165873142646,0.3016631864253684,0.27024325430803436,0.9143128050381313,0.3819584571628581,-0.9129217724690135,0.14381089789652032

0,arm_L_humerus_ik_bind,0.47454819093957334,0.5203806477918195,0.7099352054094406,-0.36008721605180916,0.8507271273274385,-0.3828845147890706,-0.8032068297219815,-0.07394143786112493,0.5910934380070493

1,arm_L_elbow_ik_bind,0.6993587661083358,0.0,0.714770813804975,-0.0,1.0,0.0,-0.714770813804975,-0.0,0.6993587661083358

2,arm_L_wirst_ik_bind,-0.2587669312813343,-0.9646344885230903,0.05019939070384398,-0.8585146482146898,0.20585918705386408,-0.4696536957230611,0.4427101467959015,-0.16462775785789643,-0.8814223886801567

0,arm_L_humerus_ik_bind,0.8726128456278484,0.05700312015428261,-0.48507470139963527,-0.15557592024113245,0.9738739963906929,-0.1654254278977247,0.4629718724570573,0.21981829643297882,0.8586832721480658

1,arm_L_elbow_ik_bind,-0.012058091595408937,0.0,0.9999272985707894,0.0,1.0,0.0,-0.9999272985707894,0.0,-0.012058091595408937

2,arm_L_wirst_ik_bind,-0.0351946355316184,-0.41834742589196594,-0.907604963009438,-0.15138595174132075,0.8999193694029956,-0.4089344962077538,0.9878479798254243,0.12300634057999213,-0.09500425744116917

0,arm_L_humerus_ik_bind,0.9751313111381574,-0.08429810664477942,-0.2049701325902957,0.10988951118491784,0.9870517273086895,0.11684683542343784,0.19246615642631257,-0.13646507550665685,0.9717685227447145

1,arm_L_elbow_ik_bind,0.9600084762927004,0.0,-0.2799709367883884,0.0,1.0,0.0,0.2799709367883884,0.0,0.9600084762927004

2,arm_L_wirst_ik_bind,-0.696196867737698,0.17813146874896624,0.6953985196946816,0.0554841809295483,0.9791776656967225,-0.19527571448414857,-0.7157034490756599,-0.09736672348422548,-0.6915839024580828

0,arm_L_humerus_ik_bind,0.839331768313722,-0.06478143259429064,-0.5397458185946344,0.22992093707464337,0.9420016424510119,0.24447754153360088,0.49260384224453474,-0.32929663164178746,0.8055465119999556

1,arm_L_elbow_ik_bind,0.9600084762927004,0.0,-0.2799709367883884,0.0,1.0,0.0,0.2799709367883884,0.0,0.9600084762927004

2,arm_L_wirst_ik_bind,0.7548191086733554,0.48229695313613985,-0.4445646884055877,-0.14994986910948002,0.7866891198092119,0.5988616413896095,0.6385633484123646,-0.385369793535253,0.6661283452120811

