No.,jointName,rotate_00,rotate_01,rotate_02,rotate_10,rotate_11,rotate_12,rotate_20,rotate_21,rotate_22
0,irm_C_ik_bind,0.6613696074872529,0.44963213158954346,0.6003508878434348,-0.44963213158954346,0.8783118140318408,-0.16247862497676613,-0.6003508878434348,-0.16247862497676618,0.7830577934554122
0,irm_C_ik_bind,0.07163704127048176,0.6870627323826989,-0.723058044757702,-0.6870627323826988,0.5595008570536771,0.4635769544822308,0.723058044757702,0.46357695448223074,0.5121361842168044
0,irm_C_ik_bind,0.7582924087345277,0.45676889252674874,0.46513955075383057,-0.45676889252674874,0.8813406574789954,-0.12083387064221501,-0.46513955075383057,-0.12083387064221507,0.8769517512555324
0,irm_C_ik_bind,0.8506865230098288,0.08749131337829534,-0.5183413061418016,-0.08749131337829534,0.9958638430541927,0.024504615497395296,0.5183413061418016,0.02450461549739531,0.8548226799556361
0,irm_C_ik_bind,0.6465619907732867,-0.635185021818803,-0.422489739691192,0.635185021818803,0.7549682221478504,-0.1629815069385505,0.42248973969119186,-0.1629815069385507,0.8915937686254362
0,irm_C_ik_bind,0.017717963652173704,0.8913060247936304,0.45305589492974935,-0.8913060247936304,0.21940413925430532,-0.3967812922059874,-0.45305589492974924,-0.3967812922059875,0.7983138243978682
0,irm_C_ik_bind,0.585982397551089,0.5989844497877019,0.5457492635568109,-0.5989844497877019,0.773779096387532,-0.2061153533976026,-0.5457492635568109,-0.2061153533976027,0.8122033011635572
0,irm_C_ik_bind,0.3561702013301033,-0.8342447496608326,-0.4209257480219143,0.8342447496608324,0.4868164027980572,-0.2589314342255385,0.4209257480219145,-0.25893143422553805,0.869353798532046
0,irm_C_ik_bind,0.7819437388037969,0.5365967961574926,-0.3172189586059667,-0.5365967961574926,0.8384145832573959,0.0955241589067476,0.3172189586059667,0.09552415890674772,0.9435291555464009
0,irm_C_ik_bind,0.9806699877262363,-0.18782557490508167,-0.05484458573641664,0.18782557490508167,0.9821886297025567,-0.0052008744062402145,0.05484458573641663,-0.005200874406240212,0.9984813580236794
0,irm_C_ik_bind,0.9105134420791617,-0.2917750873595634,0.29297196143910387,0.2917750873595635,0.9554398834739246,0.04474290405921949,-0.2929719614391039,0.044742904059219574,0.9550735586052373
0,irm_C_ik_bind,-0.851702710115804,0.40985483582017895,-0.32652948892283495,-0.4098548358201791,-0.1327313302647772,0.9024419136548104,0.3265294889228348,0.9024419136548104,0.2810286201489726
0,irm_C_ik_bind,0.6420614050613067,0.7568485143556689,-0.12221897744752017,-0.7568485143556689,0.6511581893851303,0.05633239489224281,0.12221897744752014,0.056332394892242864,0.9909032156761765
0,irm_C_ik_bind,0.35631799433269523,0.5694603258169907,-0.7407782557791042,-0.5694603258169907,0.7609077929846821,0.3110213302903623,0.7407782557791042,0.31102133029036205,0.5954102013480129
0,irm_C_ik_bind,0.31724337797868546,0.4343726486536782,-0.8430166316451065,-0.4343726486536782,0.8567617791421799,0.2779921867655897,0.8430166316451065,0.2779921867655897,0.46048159883650536
0,irm_C_ik_bind,0.0944750617400838,-0.72078746489492,0.6866876241491191,0.72078746489492,0.5253116423469275,0.4522312559577547,-0.6866876241491191,0.4522312559577546,0.5691634193931563
0,irm_C_ik_bind,0.9393546172371291,-0.04786756046441427,-0.33959034104413516,0.04786756046441427,0.9988185227578034,-0.008381840555916049,0.3395903410441352,-0.00838184055591604,0.9405360944793257
0,irm_C_ik_bind,-0.462728374785047,0.8842313610504886,0.06338257886509094,-0.8842313610504885,-0.45525105583677344,-0.104313835584276,-0.06338257886509105,-0.10431383558427595,0.9925226810517265
0,irm_C_ik_bind,0.7932388198895695,0.27512215705039533,-0.5432126409797,-0.2751221570503954,0.9577902282392461,0.08334073067444549,0.5432126409797001,0.08334073067444552,0.8354485916503235
0,irm_C_ik_bind,0.6401379242813511,0.6524527345175922,0.4056215811779245,-0.6524527345175922,0.7404519678026422,-0.16135771626331122,-0.4056215811779245,-0.1613577162633111,0.8996859564787089
0,irm_C_ik_bind,0.07482095436951364,0.41610706850947393,0.9062321624857989,-0.4161070685094733,0.8389079671738311,-0.3508394649248037,-0.9062321624857991,-0.3508394649248031,0.23591298719568243
0,irm_C_ik_bind,0.3938686408736155,0.45298900416302385,-0.7997927580590881,-0.45298900416302385,0.8527845222459426,0.25992214358371146,0.7997927580590881,0.25992214358371135,0.5410841186276729
0,irm_C_ik_bind,0.7999017539888965,-0.37052518431858583,0.47208926248238786,0.3705251843185858,0.9237242188857997,0.0971836160548522,-0.47208926248238786,0.09718361605485222,0.8761775351030967
0,irm_C_ik_bind,-0.1479545384013594,0.7180665849122813,0.6800660513500537,-0.7180665849122816,0.3948449424281172,-0.5731298727787184,-0.6800660513500535,-0.5731298727787185,0.45720051917052323
0,irm_C_ik_bind,0.8388308744407731,0.46166300617972544,0.2884961573574711,-0.46166300617972544,0.8840933474429945,-0.07243080651310818,-0.2884961573574711,-0.07243080651310824,0.9547375269977786
0,irm_C_ik_bind,-0.09735093542690643,0.9563041543879351,-0.2756903329315024,-0.9563041543879351,-0.013148599596835897,0.2920778639832508,0.27569033293150225,0.29207786398325086,0.9157976641699294
0,irm_C_ik_bind,0.8384326047404287,-0.41897210539066493,0.3485586639472525,0.41897210539066493,0.9045177807210013,0.07943525202369696,-0.3485586639472525,0.07943525202369696,0.9339148240194274
0,irm_C_ik_bind,-0.5316305885642206,0.6816697281952712,0.5026880732273692,-0.6816697281952707,0.007890765297065337,-0.7316174666348609,-0.5026880732273696,-0.7316174666348607,0.46047864613871375
0,irm_C_ik_bind,0.35444366058285637,-0.645371798178586,-0.6766571758197524,0.645371798178586,0.6924901566558866,-0.32241684982401897,0.6766571758197524,-0.32241684982401886,0.6619535039269697
0,irm_C_ik_bind,-0.26758350092538663,-0.9197738001379058,0.2870805228718757,0.9197738001379058,-0.15505841893103134,0.3605177433892605,-0.28708052287187563,0.36051774338926046,0.8874749180056446
0,irm_C_ik_bind,0.9633508828370739,-0.26375008642002856,0.04889753010590418,0.26375008642002856,0.9645686827073665,0.006568733028770787,-0.048897530105904176,0.0065687330287707915,0.9987822001297073
0,irm_C_ik_bind,0.5470873655771697,-0.5208033957289131,-0.6553313951147659,0.5208033957289131,0.8246794699266533,-0.22060733187890022,0.6553313951147659,-0.22060733187890022,0.7224078956505164
0,irm_C_ik_bind,0.6974923280553234,-0.40201541944114216,-0.5932015296975619,0.4020154194411422,0.9047910881261019,-0.14048732817997184,0.593201529697562,-0.14048732817997178,0.7927012399292216
0,irm_C_ik_bind,-0.11280722025204892,0.8772597554436999,0.4665724515419504,-0.8772597554436998,0.13256205856434386,-0.4613486990423222,-0.46657245154195026,-0.46134869904232234,0.7546307211836072
0,irm_C_ik_bind,-0.43181894394685827,0.8546130471796948,0.28839025510383853,-0.854613047179695,-0.2854414145434874,-0.43377383329754937,-0.28839025510383864,-0.43377383329754915,0.8536224705966291
0,irm_C_ik_bind,0.20219072290674553,0.9613568690474672,0.18684721540793245,-0.9613568690474672,0.23123094193396096,-0.14941627029070104,-0.18684721540793242,-0.14941627029070112,0.9709597809727846
0,irm_C_ik_bind,-0.2966377510792635,0.9001050853937438,-0.3190875740027462,-0.9001050853937438,-0.15188036604873423,0.4083420008488275,0.3190875740027464,0.4083420008488274,0.8552426149694706
0,irm_C_ik_bind,0.3773407540245979,-0.8458768970971895,0.3769698002617431,0.8458768970971895,0.4805150991488115,0.23151137001719466,-0.3769698002617431,0.2315113700171947,0.8968256548757864
0,irm_C_ik_bind,0.43545573532349396,-0.40829224156983396,0.8022940533543517,0.4082922415698341,0.8838678543518086,0.22819960893351754,-0.8022940533543518,0.2281996089335177,0.5515878809716854
0,irm_C_ik_bind,0.888779556738843,-0.16837381252931588,-0.42628764792971496,0.16837381252931585,0.9849904449439267,-0.03800108713586902,0.4262876479297149,-0.038001087135869006,0.9037891117949161
0,irm_C_ik_bind,0.8962623601806498,0.4408868486448425,-0.04829667085246075,-0.4408868486448425,0.8974924475696168,0.011229124966731969,0.04829667085246075,0.011229124966731986,0.9987699126110331
0,irm_C_ik_bind,0.9069791469959047,-0.38524638616521667,-0.17021765143845075,0.3852463861652166,0.9221728364008805,-0.03438723238347738,0.17021765143845075,-0.03438723238347737,0.984806310595024
0,irm_C_ik_bind,0.7275496322375874,-0.6582809626838714,0.19322967370191071,0.6582809626838714,0.749162734461797,0.07362996307019591,-0.1932296737019107,0.07362996307019593,0.9783868977757901
0,irm_C_ik_bind,0.794510785008573,0.23763178174959904,-0.5588235399547625,-0.23763178174959904,0.9685324467430162,0.07400024262458473,0.5588235399547625,0.07400024262458478,0.8259783382655568
0,irm_C_ik_bind,-0.5247573857297231,0.35503423775397025,-0.7736797633029853,-0.3550342377539703,0.7347685030916508,0.5779843742584327,0.7736797633029852,0.5779843742584326,-0.259525888821374
0,irm_C_ik_bind,0.9529466470720441,-0.015886586571612682,-0.30272149610037874,0.015886586571612682,0.9998707677788967,-0.0024625410336206522,0.30272149610037874,-0.0024625410336206514,0.9530758792931474
0,irm_C_ik_bind,0.4663657267911765,-0.22064163334049738,0.856633106126173,0.22064163334049738,0.966800417198993,0.12889617116381158,-0.856633106126173,0.12889617116381158,0.4995653095921835
0,irm_C_ik_bind,0.9040121886139898,-0.18223281304822306,-0.3867210424658523,0.18223281304822306,0.9825585159853191,-0.037013031668034636,0.38672104246585226,-0.03701303166803467,0.9214536726286706
0,irm_C_ik_bind,0.23177295739885062,-0.9645506967374263,0.12618735927951025,0.9645506967374263,0.24470005532407335,0.09881212652170308,-0.1261873592795103,0.09881212652170303,0.9870729020747773
0,irm_C_ik_bind,0.8420258525850456,-0.10594967840664224,-0.5289301742422678,0.10594967840664225,0.9939059843602533,-0.030423015932101397,0.5289301742422678,-0.030423015932101435,0.8481198682247922
0,irm_C_ik_bind,0.5708704507789255,-0.8209945905558589,-0.008649318209180497,0.8209945905558589,0.5709180745059149,-0.0045204513575339,0.008649318209180502,-0.004520451357533896,0.9999523762730106
0,irm_C_ik_bind,0.927840162955398,0.003212222815113681,-0.3729642256724989,-0.003212222815113681,0.9999946477018105,0.0006214437368551318,0.3729642256724989,0.0006214437368551316,0.9278455152535875
0,irm_C_ik_bind,0.11299759256176077,-0.6771457302751539,0.7271211756271264,0.6771457302751541,0.5880257575629679,0.44237921335956276,-0.7271211756271263,0.44237921335956315,0.5249718349987929
0,irm_C_ik_bind,0.6446682585559239,0.732170597012531,0.21983869832398914,-0.732170597012531,0.6740535482819022,-0.09786741500055512,-0.21983869832398917,-0.09786741500055508,0.9706147102740218
0,irm_C_ik_bind,0.40541147749218487,-0.6025115397637673,0.6874746383460978,0.6025115397637673,0.7416983130120165,0.29472607099919584,-0.6874746383460978,0.29472607099919584,0.6637131644801684
0,irm_C_ik_bind,0.7297573263063666,0.5059054621722403,-0.45990641226936063,-0.5059054621722403,0.8520368535150363,0.13450971562117173,0.45990641226936063,0.13450971562117173,0.8777204727913304
0,irm_C_ik_bind,0.5705407304041512,0.10447514275343561,0.8145969675223121,-0.10447514275343557,0.9930501290147743,-0.054188428749956094,-0.8145969675223121,-0.054188428749956045,0.5774906013893768
0,irm_C_ik_bind,0.858592352441789,0.09863610642656578,-0.5030806007365837,-0.09863610642656578,0.9947653494440506,0.026698652671308925,0.5030806007365837,0.026698652671308932,0.8638270029977385
0,irm_C_ik_bind,0.4598622010941316,-0.8563304137880672,0.2349999540987566,0.8563304137880672,0.49769109918124416,0.1378469884231144,-0.23499995409875662,0.13784698842311444,0.9621711019128875
0,irm_C_ik_bind,-0.27324618617646207,0.8111320974728247,-0.5171085400468204,-0.8111320974728247,0.09469304868289762,0.5771463826279035,0.5171085400468207,0.5771463826279034,0.6320607651406401
0,irm_C_ik_bind,0.9322478755027953,0.13600025198015536,-0.33528768256805774,-0.1360002519801554,0.9904276936861153,0.023599047458252594,0.3352876825680578,0.023599047458252587,0.9418201818166801
0,irm_C_ik_bind,-0.16860043293712135,0.9810573104180923,-0.09539626663886903,-0.9810573104180923,-0.15765449544910481,0.1125682625783445,0.09539626663886909,0.11256826257834447,0.9890540625119836
0,irm_C_ik_bind,-0.3020087252655703,-0.5787339022119447,0.7575340258325041,0.5787339022119453,0.5201473976921852,0.6281032997084018,-0.7575340258325036,0.6281032997084023,0.1778438770422447
0,irm_C_ik_bind,-0.4568113245733574,-0.8595782746595,-0.22901660087192763,0.8595782746595002,-0.3602544450807273,-0.3624112643571864,0.22901660087192746,-0.36241126435718646,0.9034431205073697
0,irm_C_ik_bind,0.9484166499802176,0.3118429310887037,-0.05709504681062566,-0.3118429310887037,0.9500897235347576,0.009138028433627387,0.05709504681062565,0.009138028433627389,0.9983269264454597
0,irm_C_ik_bind,-0.19181001000998465,-0.9107388070646715,-0.3657372627534534,0.9107388070646711,-0.02629973764439719,-0.4121445730641801,0.365737262753454,-0.41214457306417973,0.8344897276344125
0,irm_C_ik_bind,0.7869684613767336,-0.09296129985915523,-0.6099498647649926,0.09296129985915523,0.9951639866856711,-0.03173068439819298,0.6099498647649926,-0.031730684398192995,0.7918044746910626
0,irm_C_ik_bind,-0.3245474651158484,0.5016444698675266,-0.8018863814395436,-0.5016444698675266,0.6274391446442162,0.5955442432090687,0.8018863814395436,0.5955442432090687,0.04801339023993534
0,irm_C_ik_bind,0.1040592352896863,0.8721042186512342,0.4781275011559635,-0.8721042186512341,0.31111869374497786,-0.3776763034837355,-0.4781275011559633,-0.3776763034837356,0.7929405415447083
0,irm_C_ik_bind,0.8186140899195312,-0.5226046681235333,0.2382337772875821,0.5226046681235333,0.849822103183753,0.0684598699665312,-0.2382337772875821,0.06845986996653122,0.9687919867357783
0,irm_C_ik_bind,0.5962016806334733,-0.3604893331359918,0.7173499820206242,0.3604893331359919,0.9185863786001912,0.1620077335973627,-0.7173499820206243,0.16200773359736295,0.6776153020332822
0,irm_C_ik_bind,0.9655742902680972,0.14642384181541182,-0.2150031360731181,-0.14642384181541182,0.9890922762074486,0.016016481972753988,0.2150031360731181,0.016016481972754,0.9764820140606486
0,irm_C_ik_bind,-0.39783716955161186,0.19815922769699307,-0.8958004839257977,-0.19815922769699346,0.9347899313343047,0.2947892548152612,0.8958004839257977,0.2947892548152614,-0.3326271008859165
0,irm_C_ik_bind,0.7309529463189999,0.00663352593828333,-0.6823956232283436,-0.006633525938283328,0.9999745783578534,0.0026151427608027,0.6823956232283436,0.0026151427608026973,0.7309783679611465
0,irm_C_ik_bind,0.8855579766650332,0.019713522257993537,0.464110382350057,-0.019713522257993537,0.9997938949824795,-0.004852277397911635,-0.464110382350057,-0.004852277397911639,0.8857640816825537
0,irm_C_ik_bind,0.9944534849874462,-0.08311144342504166,-0.06445738257274455,0.08311144342504166,0.9965366391945524,-0.0026860220834153186,0.06445738257274455,-0.0026860220834153204,0.9979168457928939
0,irm_C_ik_bind,0.7882079845560225,0.5914453817013263,-0.17006038205974136,-0.5914453817013263,0.8043808983311981,0.05624705204779049,0.17006038205974136,0.056247052047790506,0.9838270862248242
0,irm_C_ik_bind,0.8504491458118968,-0.2646224995528414,0.4546550154988084,0.2646224995528414,0.9621577996736195,0.06501769957192899,-0.4546550154988084,0.06501769957192896,0.8882913461382773
0,irm_C_ik_bind,-0.23611079816031527,-0.7667823647827079,0.596905768149662,0.7667823647827074,0.23031351467492867,0.5991664960729368,-0.5969057681496621,0.5991664960729366,0.5335756871647561
0,irm_C_ik_bind,0.8556910859528676,-0.20213322162293101,-0.47637687405785895,0.202133221622931,0.9779824133483481,-0.051889882421099265,0.47637687405785895,-0.051889882421099244,0.8777086726045193
0,irm_C_ik_bind,0.36773623993269033,0.1677438318875895,-0.9146759342542226,-0.16774383188758943,0.9794273250098887,0.11217897257348017,0.9146759342542226,0.11217897257348013,0.3883089149228015
0,irm_C_ik_bind,0.9815923979415664,-0.18946219442761275,0.024092347042142324,0.18946219442761272,0.9818853144801046,0.0023034953829341918,-0.024092347042142324,0.0023034953829341896,0.9997070834614616
0,irm_C_ik_bind,0.6385396707689879,-0.02187513367036698,-0.7692779519660863,0.02187513367036698,0.9997079585672333,-0.010270155998741645,0.7692779519660862,-0.01027015599874165,0.6388317122017545
0,irm_C_ik_bind,0.8938575567341096,0.4483250345641608,-0.004830284916240767,-0.44832503456416073,0.8938698763788944,0.0011434532889383609,0.004830284916240766,0.0011434532889383604,0.999987680355215
0,irm_C_ik_bind,0.8491324568591534,0.46100314346337073,0.25777930953672157,-0.46100314346337073,0.8850683208253821,-0.06426639236980176,-0.25777930953672157,-0.06426639236980179,0.9640641360337713
0,irm_C_ik_bind,0.9070136778567968,0.15060735045272983,-0.3932475227770615,-0.15060735045272983,0.9881057098468831,0.031056918031187923,0.3932475227770615,0.031056918031187923,0.9189079680099137
0,irm_C_ik_bind,-0.0681902379703676,-0.8473033648742213,0.5267134888327494,0.8473033648742215,0.2295390954443045,0.4789455204252696,-0.5267134888327492,0.47894552042526994,0.702270666585328
0,irm_C_ik_bind,-0.08272401309711765,-0.65748683893646,-0.7489110723460096,0.6574868389364599,0.5287253241696086,-0.5368059129770126,0.7489110723460095,-0.5368059129770126,0.38855066273327366
0,irm_C_ik_bind,-0.29896654911607484,-0.9061526727395789,-0.29917609563022085,0.906152672739579,-0.17128885259005955,-0.38671367012985014,0.29917609563022113,-0.38671367012985003,0.8723223034739845
0,irm_C_ik_bind,-0.415934657081966,0.22466726240148086,-0.8812054143292195,-0.2246672624014814,0.9135792263536864,0.3389655120805417,0.8812054143292193,0.33896551208054204,-0.32951388343565235
0,irm_C_ik_bind,0.26871666222594565,-0.7788931828536745,-0.5666716554992139,0.778893182853674,0.5218202705468334,-0.34789224617760955,0.566671655499214,-0.34789224617760933,0.7468963916791123
0,irm_C_ik_bind,0.21417679888264307,-0.6039314050084624,-0.7677207544836132,0.6039314050084624,0.699604586176293,-0.3818642180744387,0.7677207544836132,-0.3818642180744385,0.5145722127063501
0,irm_C_ik_bind,0.9211180277312335,0.24722649187695964,-0.30070025058641736,-0.24722649187695964,0.9681847042172782,0.03869677291342511,0.30070025058641736,0.03869677291342508,0.9529333235139553
0,irm_C_ik_bind,0.4938348246062575,-0.011914315887901665,0.8694741025947985,0.01191431588790166,0.9999049754894325,0.006934628209243085,-0.8694741025947985,0.006934628209243082,0.4939298491168249
0,irm_C_ik_bind,0.8082404774967062,-0.5843404115548244,0.07275722616919089,0.5843404115548243,0.8111679719454329,0.02351179946051725,-0.07275722616919092,0.02351179946051719,0.9970725055512731
0,irm_C_ik_bind,-0.6033371324908537,0.042293124200405374,0.7963639847476042,-0.04229312420040516,0.995490608017173,-0.08491019370469184,-0.7963639847476043,-0.08491019370469172,-0.5988277405080268
0,irm_C_ik_bind,0.6866775833852903,0.692884775569845,-0.21996496143627736,-0.6928847755698451,0.7153639101238906,0.09036129633744554,0.2199649614362774,0.09036129633744548,0.9713136732613998
0,irm_C_ik_bind,0.7034117450254052,0.5031039804534899,-0.5020939173224158,-0.5031039804534899,0.8514078490492206,0.14829382802137797,0.5020939173224158,0.14829382802137803,0.8520038959761845
0,irm_C_ik_bind,0.7784384039741197,0.575906101432127,-0.24973148290008199,-0.5759061014321268,0.8135061428466667,0.08086975877290101,0.24973148290008199,0.08086975877290097,0.9649322611274529
0,irm_C_ik_bind,0.8919313160221554,-0.43063930079814905,-0.13787066441802304,0.4306393007981491,0.9019783615708452,-0.03138196721136066,0.13787066441802306,-0.03138196721136066,0.9899529544513103
0,irm_C_ik_bind,0.08152322398474653,-0.1257691374875743,-0.9887042469852976,0.1257691374875736,0.9853744463423642,-0.11497532148731407,0.9887042469852975,-0.11497532148731324,0.09614877764238236
0,irm_C_ik_bind,-0.4635809385134244,-0.8563089466091267,0.2276569818920131,0.8563089466091267,-0.3669630046530008,0.3634186857788266,-0.22765698189201328,0.36341868577882647,0.9033820661395765
0,irm_C_ik_bind,0.8621286673935477,0.15861456009224126,-0.4812230067078781,-0.15861456009224126,0.9864893446334887,0.04099017261899236,0.4812230067078781,0.040990172618992377,0.875639322760059
0,irm_C_ik_bind,0.16635279782318657,-0.08958264099453579,0.9819886440732613,0.08958264099453586,0.9931195350304526,0.07542240763421362,-0.9819886440732613,0.07542240763421372,0.17323326279273388
0,irm_C_ik_bind,0.11437083202870368,0.6245766670573807,0.7725433966765596,-0.6245766670573799,0.6499405746986945,-0.43299103492777474,-0.7725433966765602,-0.4329910349277738,0.4644302573300092
0,irm_C_ik_bind,0.02278080136292604,-0.37053558021627353,0.9285388623439799,0.3705355802162732,0.8657614456360022,0.3363933754461424,-0.9285388623439801,0.33639337544614206,0.15701935572692383
0,irm_C_ik_bind,0.8656082485430839,0.4432915674532961,0.23284103220647032,-0.4432915674532961,0.8946684471787368,-0.05532590575478787,-0.23284103220647032,-0.055325905754787956,0.9709398013643471
0,irm_C_ik_bind,-0.5432808422134281,0.25634425929409105,-0.7994582835963558,-0.25634425929409105,0.8561208170213344,0.44871457229477935,0.799458283596356,0.4487145722947793,-0.3994016592347626
0,irm_C_ik_bind,-0.16331270765964853,0.6408095973243446,-0.7501280020729028,-0.6408095973243446,0.5092109754955519,0.574514788679873,0.7501280020729026,0.5745147886798729,0.3274763168447993
0,irm_C_ik_bind,0.7481978881738489,-0.1205342824636034,-0.6524349828781232,0.1205342824636034,0.9916894343899523,-0.044983913461602076,0.6524349828781232,-0.044983913461602104,0.7565084537838966
0,irm_C_ik_bind,-0.04820021126316232,-0.2493739309346669,0.9672070007006661,0.2493739309346675,0.9346634048823032,0.25341065909707017,-0.9672070007006659,0.25341065909707083,0.017136383854534643
0,irm_C_ik_bind,-0.31110846148175675,-0.6270151996134505,0.7141872756134481,0.6270151996134504,0.42930339746670604,0.6500388698972147,-0.7141872756134481,0.6500388698972148,0.25958814105153716
0,irm_C_ik_bind,0.7331064475565393,0.6758194535781193,-0.07630860185066135,-0.6758194535781195,0.7364663119922252,0.029756301281281705,0.07630860185066136,0.029756301281281705,0.9966401355643143
0,irm_C_ik_bind,0.12958685447665783,0.6113451602715452,-0.7806819724826515,-0.6113451602715455,0.6691330963119271,0.42251389850816934,0.7806819724826516,0.4225138985081695,0.4604537581647306
0,irm_C_ik_bind,0.26988883883097425,-0.8094473023539391,-0.5214931249656117,0.8094473023539389,0.4840454414173502,-0.33240799532353876,0.5214931249656122,-0.3324079953235381,0.7858433974136241
0,irm_C_ik_bind,0.8091708221299415,-0.3571565861605983,0.46656377224947665,0.35715658616059837,0.9294921046274032,0.09210646230003455,-0.4665637722494767,0.09210646230003461,0.8796787175025383
0,irm_C_ik_bind,0.22544315081416355,0.2889630744566018,0.9304169642432207,-0.288963074456602,0.9318616629878458,-0.2193950378976582,-0.9304169642432207,-0.2193950378976585,0.2935814878263179
0,irm_C_ik_bind,0.685958412598299,-0.5752968111038863,-0.44552736764347145,0.5752968111038863,0.8036924170886073,-0.1520265695461537,0.44552736764347156,-0.15202656954615343,0.8822659955096918
0,irm_C_ik_bind,0.8785159382199128,-0.39786183466535135,0.26441578396591053,0.39786183466535135,0.9157345241194603,0.05600215935502952,-0.26441578396591053,0.05600215935502952,0.9627814141004524
0,irm_C_ik_bind,0.02982940688488467,-0.6002685145874844,0.7992420890317471,0.600268514587484,0.6501145848077905,0.4658634317212821,-0.7992420890317473,0.46586343172128164,0.37971482207709417
0,irm_C_ik_bind,-0.44043704086033775,-0.896751986885516,0.04302426123791749,0.896751986885516,-0.437128946525583,0.06895040338035355,-0.04302426123791749,0.06895040338035355,0.9966919056652451
0,irm_C_ik_bind,0.6907167563079549,0.14391019229240815,-0.7086608632553225,-0.14391019229240817,0.9877506723888732,0.06031969620025562,0.7086608632553226,0.06031969620025562,0.7029660839190819
0,irm_C_ik_bind,0.9813414677731864,0.1912556029036068,0.019753935981114946,-0.1912556029036068,0.9815384141315466,-0.0019068146491848822,-0.019753935981114946,-0.001906814649184884,0.9998030536416398
0,irm_C_ik_bind,0.5420308829364324,-0.5697081753783941,-0.6177662315554099,0.569708175378394,0.789519516966536,-0.22823568352899684,0.6177662315554099,-0.22823568352899676,0.7525113659698963
0,irm_C_ik_bind,0.8023985693308344,0.06215878861368384,0.5935426024590901,-0.06215878861368383,0.997856348164238,-0.02046932891938974,-0.5935426024590901,-0.02046932891938975,0.8045422211665963
0,irm_C_ik_bind,-0.01652541464316615,-0.5698322035847649,0.821594894354026,0.5698322035847654,0.6698351486892208,0.4760379536740949,-0.8215948943540253,0.47603795367409574,0.31363943666761307
0,irm_C_ik_bind,0.9551122780073595,0.21696261766352684,0.2017120693864961,-0.21696261766352684,0.9759232357174975,-0.022384381235140704,-0.2017120693864961,-0.022384381235140718,0.979189042289862
0,irm_C_ik_bind,0.44715272904863207,0.23481161960577795,-0.863086287808161,-0.2348116196057781,0.9619000153922,0.14004236389963118,0.863086287808161,0.14004236389963132,0.485252713656432
0,irm_C_ik_bind,0.49029676329045957,-0.44757588139983634,0.747853537997955,0.44757588139983645,0.8655810208105531,0.2246003713303263,-0.747853537997955,0.22460037133032645,0.6247157424799065
0,irm_C_ik_bind,0.8731502474170715,0.466210587580846,0.14232474648854604,-0.466210587580846,0.8839642936960397,-0.03542337502248741,-0.14232474648854607,-0.0354233750224874,0.9891859537210318
0,irm_C_ik_bind,0.2517973247002051,-0.9641171647850714,0.08412015121607434,0.9641171647850714,0.2574501565931874,0.06478818902345572,-0.08412015121607434,0.06478818902345572,0.9943471681070177
0,irm_C_ik_bind,0.9088605942252251,0.344284373671664,-0.23545846833376102,-0.3442843736716639,0.9379044597006833,0.0424675702045602,0.23545846833376102,0.04246757020456018,0.9709561345245418
0,irm_C_ik_bind,-0.6093186809575446,-0.5751592529085192,-0.5458228456467099,0.575159252908519,0.15325317571599362,-0.8035578995484253,0.5458228456467101,-0.8035578995484253,0.23742814332646167
0,irm_C_ik_bind,0.8567078124049656,-0.48692001328551154,-0.17017821489936788,0.48692001328551154,0.8723056488727421,-0.04462908924392008,0.17017821489936788,-0.04462908924392008,0.9844021635322237
0,irm_C_ik_bind,-0.5204969943190898,-0.8526793171252315,-0.04495398816170546,0.8526793171252315,-0.5162825034239324,-0.07993971982166609,0.04495398816170546,-0.07993971982166609,0.9957855091048426
0,irm_C_ik_bind,0.7174542185377192,0.41439832040950714,0.5599406007285147,-0.4143983204095072,0.9000113271697967,-0.13510604356519607,-0.5599406007285147,-0.1351060435651962,0.8174428913679225
0,irm_C_ik_bind,0.9766140271501584,0.07479074507976431,0.2015722858529002,-0.0747907450797643,0.997170082032833,-0.0076270537592539175,-0.2015722858529002,-0.007627053759253918,0.9794439451173254
0,irm_C_ik_bind,-0.3991893626110949,-0.18863702040798047,-0.8972535468359805,0.1886370204079804,0.9407734762769067,-0.2817114496527675,0.8972535468359805,-0.28171144965276734,-0.33996283888800155
0,irm_C_ik_bind,0.31155044626706574,-0.15264289523862679,-0.9378893676569545,0.15264289523862662,0.9822348781679375,-0.1091548928980586,0.9378893676569545,-0.10915489289805833,0.3293155680991282
0,irm_C_ik_bind,0.4385096506867128,0.32738769977453436,-0.8369746592884137,-0.32738769977453436,0.9254904505419939,0.19048548499010734,0.8369746592884137,0.19048548499010734,0.5130192001447188
0,irm_C_ik_bind,0.7378950789791033,-0.5605399345399604,0.3759066828407806,0.5605399345399604,0.8192036895583835,0.12124478050566974,-0.37590668284078066,0.12124478050566967,0.9186913894207198
0,irm_C_ik_bind,0.033784430623057804,-0.998750609333665,0.03682163227110965,0.998750609333665,0.035095954150541786,0.035573787511257414,-0.036821632271109635,0.03557378751125743,0.998688476472516
0,irm_C_ik_bind,0.8447993918778991,0.48642397813047594,0.22294775393004945,-0.48642397813047594,0.8717430808238589,-0.05878532585134703,-0.22294775393004948,-0.05878532585134702,0.9730563110540402
0,irm_C_ik_bind,0.8144830156322738,0.3794962489697627,0.4388621814014477,-0.37949624896976264,0.9206289605681781,-0.09178733017707644,-0.4388621814014477,-0.09178733017707653,0.8938540550640955
0,irm_C_ik_bind,-0.9028851997677781,-0.28427222678540537,-0.3224711105180834,0.2842722267854056,0.1678848257083588,-0.9439300749395267,0.3224711105180832,-0.9439300749395267,-0.07077002547613696
0,irm_C_ik_bind,-0.22640493674871864,0.6203790827890584,0.7509131762418444,-0.6203790827890581,0.5024913877492276,-0.6021895041227985,-0.7509131762418443,-0.6021895041227983,0.27110367550205355
0,irm_C_ik_bind,0.07061929500031172,0.3179896298058204,-0.9454604753820312,-0.3179896298058204,0.9055524170578177,0.2808156250935861,0.9454604753820312,0.2808156250935861,0.16506687794249408
0,irm_C_ik_bind,-0.3674412807944399,-0.8909075070648572,0.2669657637668618,0.890907507064857,-0.25477076205882954,0.375999564701138,-0.26696576376686143,0.3759995647011382,0.8873294812643897
0,irm_C_ik_bind,-0.7143743022574421,0.5707404421860789,-0.40487615875404726,-0.5707404421860791,-0.1404598918139466,0.8090280381079844,0.40487615875404703,0.8090280381079844,0.42608558955650466
0,irm_C_ik_bind,0.8002221802349613,-0.3004489113840514,-0.5190134043626846,0.3004489113840514,0.9498564403088958,-0.08662098159136462,0.5190134043626846,-0.08662098159136482,0.8503657399260656
0,irm_C_ik_bind,0.7677199160687836,0.49566134774550286,0.40611077161588743,-0.4956613477455028,0.861018609670216,-0.11387177943933077,-0.40611077161588743,-0.11387177943933084,0.9067013063985675
0,irm_C_ik_bind,-0.35046348491799234,0.8041466273954171,0.4801286779476021,-0.8041466273954172,0.004441192548227168,-0.5944143987634597,-0.48012867794760195,-0.59441439876346,0.6450953225337805
0,irm_C_ik_bind,0.8003122694358342,-0.1328709472185787,0.5846756218414637,0.1328709472185787,0.9901935409126025,0.04315162708635624,-0.5846756218414637,0.043151627086356226,0.8101187285232319
0,irm_C_ik_bind,0.6385788398956238,-0.5018058628419174,0.5834448913608191,0.5018058628419174,0.8463246821870584,0.17867682652894146,-0.5834448913608191,0.1786768265289415,0.7922541577085656
0,irm_C_ik_bind,0.6352315991692254,0.6317652775990731,-0.4442448080023837,-0.6317652775990731,0.7559199772175333,0.17163222909351827,0.4442448080023837,0.17163222909351838,0.879311621951692
0,irm_C_ik_bind,-0.721065404317784,0.30333227467530793,0.6229399761103264,-0.3033322746753078,0.6701360452092433,-0.6774269053201376,-0.6229399761103264,-0.6774269053201376,-0.3912014495270275
0,irm_C_ik_bind,0.8175852961664685,0.5755235028174968,-0.018082621410261394,-0.5755235028174968,0.8177651948472933,0.005725714020742802,0.018082621410261394,0.005725714020742795,0.9998201013191752
0,irm_C_ik_bind,0.935090973296678,-0.3284120175993255,0.13323069599537404,0.3284120175993255,0.944263884855028,0.022611113524787722,-0.13323069599537402,0.022611113524787733,0.9908270884416499
0,irm_C_ik_bind,-0.24633217163511256,0.9084114378970081,0.33780041550510226,-0.9084114378970081,-0.09492711436607126,-0.40715783482087264,-0.3378004155051021,-0.4071578348208727,0.8485949427309587
0,irm_C_ik_bind,0.9397060609502831,0.29177752761013626,-0.17837711006465798,-0.29177752761013626,0.9561097800681327,0.026832123281302175,0.17837711006465798,0.026832123281302203,0.9835962808821503
0,irm_C_ik_bind,0.8371557004664318,-0.20984817795507305,-0.5051079838861131,0.20984817795507302,0.9760301983223937,-0.05769570323416253,0.5051079838861131,-0.05769570323416251,0.861125502144038
0,irm_C_ik_bind,0.9956265509606201,0.08784981736377526,0.03178333858188914,-0.08784981736377526,0.9961327481801975,-0.0013991397780741834,-0.03178333858188914,-0.0013991397780741856,0.9994938027804227
0,irm_C_ik_bind,0.7036076110421111,0.47619183538795484,-0.5274255071509756,-0.47619183538795484,0.8668950158355778,0.14742580313257228,0.5274255071509757,0.14742580313257225,0.8367125952065333
0,irm_C_ik_bind,0.9638418393919326,-0.19169254011811288,0.18510234655628158,0.19169254011811285,0.9812887019718898,0.018068022730477824,-0.18510234655628155,0.018068022730477837,0.9825531374200425
0,irm_C_ik_bind,-0.30354518763430133,-0.4204082021980002,-0.8550539530279375,0.42040820219800057,0.746224660470076,-0.5161450373983703,0.8550539530279372,-0.5161450373983704,-0.04976984810437733
0,irm_C_ik_bind,-0.13573201003116273,0.6845619445866785,-0.7162065103561998,-0.6845619445866788,0.4577780718302523,0.5672866832343954,0.7162065103561996,0.5672866832343956,0.4064899181385849
0,irm_C_ik_bind,0.7406289329366346,0.20556921648658624,-0.639695303195383,-0.20556921648658624,0.9757221645766776,0.07554836058376105,0.639695303195383,0.0755483605837611,0.7649067683599571
0,irm_C_ik_bind,0.6055918606231478,-0.6647720253026965,-0.43742045302196936,0.6647720253026965,0.7247607835695342,-0.18110759502192575,0.43742045302196925,-0.18110759502192597,0.8808310770536137
0,irm_C_ik_bind,0.8629457295369036,0.0349719251428406,0.5040849455457129,-0.0349719251428406,0.999343493732101,-0.009462874146977853,-0.5040849455457129,-0.00946287414697785,0.8636022358048026
0,irm_C_ik_bind,0.6655045390790622,0.3391929852095414,-0.6648697821752806,-0.33919298520954133,0.9309207038973438,0.13540591508465744,0.6648697821752805,0.13540591508465732,0.734583835181718
0,irm_C_ik_bind,0.39216541607232813,0.7532041252731928,0.5281002102899244,-0.7532041252731927,0.5924935012901645,-0.2857183868783493,-0.5281002102899244,-0.28571838687834933,0.7996719147821634
0,irm_C_ik_bind,-0.5354176665461884,0.18114334068963994,0.8249333382001429,-0.1811433406896398,0.929371163056795,-0.3216462830536943,-0.8249333382001429,-0.32164628305369414,-0.4647888296029831
0,irm_C_ik_bind,-0.14882853420925946,-0.8788983782968384,-0.4531972065583714,0.8788983782968381,0.0924715049567687,-0.4679601066311301,0.453197206558372,-0.4679601066311295,0.7586999608339717
0,irm_C_ik_bind,0.09051615284656744,0.6891619316947432,-0.7189316086921114,-0.6891619316947434,0.5644776403747105,0.45433558678554886,0.7189316086921111,0.4543355867855491,0.526038512471857
0,irm_C_ik_bind,0.9287725055044352,-0.06923508652154402,0.3641265381888117,0.06923508652154402,0.9975147420486523,0.013070661420331364,-0.3641265381888117,0.01307066142033136,0.9312577634557829
0,irm_C_ik_bind,0.44839751632333424,-0.8869276465912428,-0.11090093357219657,0.8869276465912427,0.45688898149679363,-0.06791029597153932,0.1109009335721966,-0.0679102959715393,0.9915085348265406
0,irm_C_ik_bind,0.7291474510168292,0.3382889971375927,-0.5948987721380021,-0.3382889971375927,0.9338174164863373,0.11638551062062744,0.5948987721380021,0.11638551062062744,0.7953300345304918
0,irm_C_ik_bind,0.42136072668731933,-0.002837321309166578,0.9068886853486057,0.002837321309166579,0.9999943361371533,0.0018103318486776495,-0.9068886853486058,0.001810331848677651,0.421366390550166
0,irm_C_ik_bind,-0.1435661301668405,0.7058009465638646,0.6937101628911535,-0.7058009465638642,0.41833807172118065,-0.571697718709947,-0.693710162891154,-0.5716977187099466,0.43809579811197874
0,irm_C_ik_bind,-0.04902987968925743,-0.6001636992010849,0.798373098907351,0.6001636992010849,0.6212326148364882,0.5038586829902699,-0.798373098907351,0.5038586829902699,0.3297375054742545
0,irm_C_ik_bind,0.4165303485325529,0.40013329920409024,-0.8163306999123577,-0.4001332992040902,0.8869726601355122,0.23059237420214673,0.8163306999123577,0.23059237420214687,0.5295576883970405
0,irm_C_ik_bind,0.755932280837241,-0.6413030383193843,0.13151729859806643,0.6413030383193842,0.7657827745147565,0.04803285645063865,-0.13151729859806643,0.04803285645063864,0.9901495063224843
0,irm_C_ik_bind,-0.4091359243343029,-0.8980674524758436,-0.16150122669089606,0.8980674524758436,-0.36499269868079165,-0.24546930706966494,0.1615012266908961,-0.24546930706966485,0.9558567743464886
0,irm_C_ik_bind,0.8648555972272877,0.2679420291367419,-0.4245372362546265,-0.2679420291367419,0.9615021500406474,0.060997413791876086,0.4245372362546266,0.060997413791876065,0.9033534471866402
0,irm_C_ik_bind,-0.35854820116187497,-0.7065547748253941,-0.6101012519369385,0.7065547748253936,0.22173474182657169,-0.6720223615613846,0.6101012519369391,-0.6720223615613843,0.4197170570115534
0,irm_C_ik_bind,0.7900550201035019,0.37138608296067654,0.4877350126783812,-0.3713860829606765,0.9229478306153407,-0.1011913007405361,-0.4877350126783812,-0.10119130074053612,0.8671071894881611
0,irm_C_ik_bind,0.8149577900050134,-0.2759860421869318,-0.5095836585175563,0.2759860421869318,0.9580330209873384,-0.07748829083072448,0.5095836585175563,-0.0774882908307244,0.856924769017675
0,irm_C_ik_bind,0.8073622420905258,-0.0963894886718478,-0.582129948138849,0.0963894886718478,0.9948593960247428,-0.03104591140333366,0.582129948138849,-0.031045911403333647,0.8125028460657828
0,irm_C_ik_bind,0.7903860093459745,0.46768273998806376,0.3956801877114928,-0.4676827399880637,0.8778324092452868,-0.10335916019333831,-0.3956801877114928,-0.10335916019333838,0.9125536001006875
0,irm_C_ik_bind,0.9371493067317019,0.3481275678044917,-0.02362992650897217,-0.3481275678044917,0.9374375516413117,0.004246564172612177,0.023629926508972166,0.004246564172612179,0.9997117550903901
0,irm_C_ik_bind,-0.1855331025566067,0.5004489766585456,-0.8456525821028008,-0.500448976658546,0.6924992543899031,0.5196110126150544,0.8456525821028005,0.5196110126150547,0.12196764305349016
0,irm_C_ik_bind,-0.18157926280413195,0.7299049742135892,0.6589899088284793,-0.729904974213589,0.3490374239451395,-0.5877172834824588,-0.6589899088284794,-0.5877172834824584,0.4693833132507285
0,irm_C_ik_bind,0.8145849853497817,-0.4904804645729613,-0.3096453059792573,0.4904804645729613,0.8674236323622312,-0.0836968093287002,0.3096453059792573,-0.08369680932870015,0.9471613529875506
0,irm_C_ik_bind,0.0930549547835634,0.9831535530077532,0.15732090324702608,-0.9831535530077532,0.11569779308748096,-0.14150304548990317,-0.15732090324702608,-0.14150304548990317,0.9773571616960824
0,irm_C_ik_bind,0.7707929229638307,-0.5151560306925954,0.3748233369868044,0.5151560306925955,0.8501316938206608,0.1090429603535407,-0.3748233369868045,0.10904296035354057,0.92066122914317
0,irm_C_ik_bind,0.7890069822662864,-0.6014355770621636,0.1254720230926014,0.6014355770621636,0.797806963895764,0.042181690380134806,-0.1254720230926014,0.04218169038013482,0.9912000183705225
0,irm_C_ik_bind,0.3188980305803512,0.7736079526208284,0.54757171378166,-0.7736079526208282,0.5462353794744491,-0.3211816399675037,-0.5475717137816599,-0.3211816399675036,0.7726626511059019
0,irm_C_ik_bind,0.9034250535471035,-0.4262436877866871,0.04625463485336482,0.42624368778668714,0.9045490753421468,0.010358036477655807,-0.046254634853364826,0.010358036477655807,0.9988759782049569
0,irm_C_ik_bind,0.8164073565029787,0.2469469082933703,-0.5220117362015572,-0.2469469082933703,0.966426707479835,0.07096931417191027,0.5220117362015572,0.0709693141719103,0.8499806490231437
0,irm_C_ik_bind,0.9406040386756236,-0.19197364564815586,-0.2800181454900062,0.19197364564815586,0.9810090673373045,-0.027700707184984713,0.2800181454900062,-0.027700707184984713,0.9595949713383191
0,irm_C_ik_bind,0.16518185362420712,-0.5390331246733943,-0.8259287171046349,0.5390331246733938,0.7506340245589915,-0.3820888007770036,0.8259287171046351,-0.382088800777003,0.4145478290652156
0,irm_C_ik_bind,0.8627468607959974,-0.1889473182437994,-0.4690061461379033,0.1889473182437994,0.9808341703197032,-0.04757353530836063,0.4690061461379033,-0.04757353530836063,0.8819126904762942
0,irm_C_ik_bind,0.7920770051467421,0.29362193922845364,0.5351636896515777,-0.2936219392284536,0.9518916637238931,-0.08768362068642452,-0.5351636896515777,-0.0876836206864245,0.8401853414228488
0,irm_C_ik_bind,0.3503880825163678,0.6007110383252006,-0.7185919844144952,-0.6007110383252009,0.7327777427557629,0.31966080171961647,0.718591984414495,0.31966080171961664,0.6176103397606048
