No.,jointName,dimension,rotMtx_00,rotMtx_01,rotMtx_02,rotMtx_10,rotMtx_11,rotMtx_12,rotMtx_20,rotMtx_21,rotMtx_22
0,arm_L_elbow_ik_bind,9,0.9600084762927004,0.0,-0.2799709367883884,0.0,1.0,0.0,0.2799709367883884,0.0,0.9600084762927004
1,arm_L_humerus_ik_bind,9,0.9821582575086859,0.15630349320316364,0.10456756294372593,-0.1464668866023386,0.9845496696009871,-0.09596561476698198,-0.1179517203626942,0.07893773559632723,0.9898768739405953
2,arm_L_wirst_ik_bind,9,0.7296123901770852,-0.6833649485012844,-0.026040492697285197,0.1397621115719894,0.18627921487832474,-0.9725053245475076,0.6694268535613277,0.7059124600573017,0.23142015138450878
0,arm_L_elbow_ik_bind,9,0.9997972042046759,0.0,-0.0201382835543053,0.0,1.0,0.0,0.0201382835543053,0.0,0.9997972042046759
1,arm_L_humerus_ik_bind,9,0.3653490329044546,0.85364407529628,0.37123022084326424,-0.8128576970116019,0.09822088391961535,0.574121086854545,0.45363250386714393,-0.5115119262281266,0.7297760620639849
2,arm_L_wirst_ik_bind,9,0.26827235255921983,-0.48901180135875383,0.829998435531181,-0.12428591922119339,-0.8719500909343727,-0.47355680673271106,0.9552920784428626,0.023885080100470964,-0.29469738345107416
0,arm_L_elbow_ik_bind,9,0.9600084762927004,0.0,-0.2799709367883884,0.0,1.0,0.0,0.2799709367883884,0.0,0.9600084762927004
1,arm_L_humerus_ik_bind,9,0.9573981217582158,0.23990338868386604,-0.1607333212244382,-0.23163632308193624,0.9703794310212622,0.06861759016412786,0.17243390119962312,-0.02846267641753442,0.98460978350219
2,arm_L_wirst_ik_bind,9,0.2327952711282304,-0.4922234028164548,-0.8387624714185319,0.49133273963289403,-0.6847700539493828,0.5382212483533084,-0.8392845171365716,-0.5374068244207073,0.08243424264759502
0,arm_L_elbow_ik_bind,9,0.2506737491220294,0.0,0.9680716251916,-0.0,1.0,0.0,-0.9680716251916,-0.0,0.2506737491220294
1,arm_L_humerus_ik_bind,9,0.7222204182132825,-0.1999776575217116,-0.6621228013049848,-0.4380537237117587,0.6085788726710968,-0.6616197479524316,0.5352631153536487,0.7678806497304809,0.3519271303997468
2,arm_L_wirst_ik_bind,9,-0.8168345555632556,0.5248257174033019,-0.23945620724860664,-0.5763336387824564,-0.7245158218337381,0.37804280276227387,0.02491677438095118,0.44680509203084506,0.8942842747637669
0,arm_L_elbow_ik_bind,9,0.3188343985769331,0.0,0.9478104379484779,-0.0,1.0,0.0,-0.9478104379484779,-0.0,0.3188343985769331
1,arm_L_humerus_ik_bind,9,0.1512105746919773,-0.6281225413819871,-0.7632807053169598,0.6413670310288622,0.6499051146247298,-0.40776423763473824,0.7521859435076835,-0.42788481509916976,0.5011296153661295
2,arm_L_wirst_ik_bind,9,-0.6727378488678599,-0.24819649389947476,0.6970095315823537,0.5116975231885749,-0.8365083891786859,0.19600857021150303,0.5344056806054012,0.4885204348332707,0.6897523854884374
0,arm_L_elbow_ik_bind,9,0.9600084762927004,0.0,-0.2799709367883884,0.0,1.0,0.0,0.2799709367883884,0.0,0.9600084762927004
1,arm_L_humerus_ik_bind,9,0.8202633605990914,0.25354745319109956,0.5127199120757765,-0.5652440496902114,0.49654007647246967,0.6587466256054174,-0.08756245513057963,-0.8301576003609321,0.5506098210298143
2,arm_L_wirst_ik_bind,9,-0.07249883219349385,-0.8027868502983082,-0.5918422022116213,0.4927205650707823,0.4871066026506532,-0.7210780834351213,0.8671622478446055,-0.3438901432758151,0.3602349306644633
0,arm_L_elbow_ik_bind,9,0.9600084762927004,0.0,-0.2799709367883884,0.0,1.0,0.0,0.2799709367883884,0.0,0.9600084762927004
1,arm_L_humerus_ik_bind,9,0.9568492297869026,0.24029192274014533,0.16339933696944833,-0.10209352455156366,0.8044575353792135,-0.5851709032549729,-0.272059669375765,0.5432383138526272,0.7942768224376838
2,arm_L_wirst_ik_bind,9,-0.7417096211842329,-0.5807297631860677,-0.3355887065927515,-0.004976611013501164,-0.49556142580827567,0.8685586373951326,-0.670702669731948,0.6458883923718732,0.3646726112744345
0,arm_L_elbow_ik_bind,9,0.30314492087503525,0.0,0.9529444668749949,-0.0,1.0,0.0,-0.9529444668749949,-0.0,0.30314492087503525
1,arm_L_humerus_ik_bind,9,0.8957101362084762,-0.428058407438869,-0.1202886183904876,0.3975105136047956,0.6497009365867346,0.6479769166968616,-0.1992203389893832,-0.6282154827917084,0.7521014317987542
2,arm_L_wirst_ik_bind,9,0.5155717564611789,-0.3188265846445239,-0.7953209244471333,0.082541751051539,-0.9053982373218379,0.4164623526657056,-0.8528614326330394,-0.2803634084156081,-0.44048125493453494
0,arm_L_elbow_ik_bind,9,0.9600084762927004,0.0,-0.2799709367883884,0.0,1.0,0.0,0.2799709367883884,0.0,0.9600084762927004
1,arm_L_humerus_ik_bind,9,0.645785445234369,0.6441011595727713,-0.40999372551352453,-0.46922026916631465,-0.08881570944040475,-0.8786034991735973,-0.6023234162200065,0.759766718140252,0.24486942700029302
2,arm_L_wirst_ik_bind,9,0.5204164335774154,-0.48659855547452446,0.7017040554768582,0.8194528568110391,0.515678179253743,-0.2501460191683472,-0.2401327781182533,0.7051934920655824,0.667111975324652
0,arm_L_elbow_ik_bind,9,0.9600084762927004,0.0,-0.2799709367883884,0.0,1.0,0.0,0.2799709367883884,0.0,0.9600084762927004
1,arm_L_humerus_ik_bind,9,0.8739798054413004,-0.16827530102825053,-0.4558977108350495,-0.018709093840536314,0.9257873531961276,-0.3775814434923602,0.48560196610851236,0.33852798957539704,0.805971172428386
2,arm_L_wirst_ik_bind,9,-0.8242558045707357,0.12216253222464772,-0.5528821613616333,0.5339909757910247,-0.15700809240627842,-0.8307840252994099,-0.18829765374321192,-0.9800126400406289,0.06418114174271115
0,arm_L_elbow_ik_bind,9,0.9600084762927004,0.0,-0.2799709367883884,0.0,1.0,0.0,0.2799709367883884,0.0,0.9600084762927004
1,arm_L_humerus_ik_bind,9,0.9549403019534752,-0.14769298402503775,0.25744087122052944,0.2762431366761229,0.7594683058503853,-0.5889801540358406,-0.10852994584142302,0.6335571599141829,0.7660460664849942
2,arm_L_wirst_ik_bind,9,0.051538772312944015,0.33774997812097407,-0.9398237639194682,0.7441091805334534,-0.6406401878415497,-0.1894245949399826,-0.6660670254518736,-0.6895687797468978,-0.2843406682204774
0,arm_L_elbow_ik_bind,9,0.9600084762927004,0.0,-0.2799709367883884,0.0,1.0,0.0,0.2799709367883884,0.0,0.9600084762927004
1,arm_L_humerus_ik_bind,9,0.6471045712582887,0.11474744048495841,0.7537165904760073,0.042520959430971575,0.9816381189893085,-0.18595314290487772,-0.7612145833243711,0.1523798813796727,0.6303433428577008
2,arm_L_wirst_ik_bind,9,0.7018732524077976,0.47116925715388247,-0.5342035835405432,-0.4909045136911283,0.8633856095107451,0.11652488029359134,0.5161266278658528,0.18045725367193624,0.8372863808787325
0,arm_L_elbow_ik_bind,9,0.9600084762927004,0.0,-0.2799709367883884,0.0,1.0,0.0,0.2799709367883884,0.0,0.9600084762927004
1,arm_L_humerus_ik_bind,9,0.8798180908795058,0.2692784333094395,0.39167493194683195,-0.21573542334413506,0.9605057722328988,-0.17574666034326022,-0.4235308183304593,0.07012693392482111,0.9031632516121519
2,arm_L_wirst_ik_bind,9,-0.4711483717264733,0.85854290007082,0.2022950828801301,-0.39226181999332843,-0.40935985892646753,0.823744602698691,0.7900315667079476,0.30875329089369785,0.5296428315075142
0,arm_L_elbow_ik_bind,9,0.5380081427701021,0.0,0.8429396409666978,-0.0,1.0,0.0,-0.8429396409666978,-0.0,0.5380081427701021
1,arm_L_humerus_ik_bind,9,0.8379178747302938,0.5407019392990537,-0.0743979035034603,-0.5455765462923166,0.8258946020079864,-0.1422826008681932,-0.015487651313726352,0.15981088577538202,0.9870261462820893
2,arm_L_wirst_ik_bind,9,0.84391081196165,0.4801262573388309,0.2393602274147382,-0.34285393420833893,0.8258328019670336,-0.44771795026907535,-0.4126326710914836,0.2957684232792354,0.8615424066979074
0,arm_L_elbow_ik_bind,9,0.19643894773875947,0.0,0.980516057905881,-0.0,1.0,0.0,-0.980516057905881,-0.0,0.19643894773875947
1,arm_L_humerus_ik_bind,9,0.8950074073983099,0.2845955039420338,0.34346344760124875,0.3020534019403672,0.1798964227150578,-0.9361629235718409,-0.32821560456262117,0.9416170539185797,0.07504559075180972
2,arm_L_wirst_ik_bind,9,0.32616144724899304,-0.9451867901086732,-0.015512644278294045,0.7988654416800545,0.26682172133599896,0.5390919913267359,-0.5054035184066029,-0.18822353951447474,0.8421040213387353
0,arm_L_elbow_ik_bind,9,0.9600084762927004,0.0,-0.2799709367883884,0.0,1.0,0.0,0.2799709367883884,0.0,0.9600084762927004
1,arm_L_humerus_ik_bind,9,0.7392539365971635,-0.5691137788839354,0.36001822719140697,0.3926073541943122,0.7985785906515719,0.4562145328521343,-0.5471408252526386,-0.19591258570443124,0.8137906217845381
2,arm_L_wirst_ik_bind,9,0.756385058366372,0.5602539760566402,-0.3376346039623687,-0.2628968555513812,0.7330081192329013,0.6273630053484509,0.5989715242157143,-0.38576492771034815,0.7017253976644524
0,arm_L_elbow_ik_bind,9,0.49790505967960896,0.0,0.8672315443671575,-0.0,1.0,0.0,-0.8672315443671575,-0.0,0.49790505967960896
1,arm_L_humerus_ik_bind,9,0.8148419370421942,-0.2752884450611481,-0.51014594936463,-0.10978772395838933,0.7908270129137099,-0.6021123577157468,0.569191771993729,0.5466341625454763,0.6141757232525923
2,arm_L_wirst_ik_bind,9,0.9062469788461396,0.22506914063193026,0.35785513167684085,-0.3471336890774947,0.879306335359302,0.32606528564758913,-0.2412770507936757,-0.41971925203902555,0.8749977909847013
0,arm_L_elbow_ik_bind,9,0.9600084762927004,0.0,-0.2799709367883884,0.0,1.0,0.0,0.2799709367883884,0.0,0.9600084762927004
1,arm_L_humerus_ik_bind,9,0.6479720176977911,0.3604111312858248,0.6709963343610197,-0.5204759709600759,0.8527106594284807,0.04460151286909253,-0.5560908450368696,-0.3781380009233634,0.7401179800030957
2,arm_L_wirst_ik_bind,9,-0.4489655929903601,-0.373373904854185,-0.8118015912060983,-0.7001762089602859,-0.41743625330496426,0.5792238348278809,-0.555142479654383,0.8284557330362631,-0.07401301022476447
0,arm_L_elbow_ik_bind,9,0.5595640648483046,0.0,0.828787100123091,-0.0,1.0,0.0,-0.828787100123091,-0.0,0.5595640648483046
1,arm_L_humerus_ik_bind,9,0.42935172209552386,0.49434376790474693,-0.7558315538976562,-0.4597934236001318,0.8399644835935173,0.28818340326178654,0.7773333302693753,0.22379433736181412,0.5879362110102667
2,arm_L_wirst_ik_bind,9,0.9008697906013221,-0.341030468190617,0.26857371455080764,-0.03781375151091238,-0.6780059749911851,-0.7340831138726215,0.4324392912058306,0.6511575213740081,-0.6236907420985642
0,arm_L_elbow_ik_bind,9,0.9600084762927004,0.0,-0.2799709367883884,0.0,1.0,0.0,0.2799709367883884,0.0,0.9600084762927004
1,arm_L_humerus_ik_bind,9,0.9439456954910204,0.27179953446585337,0.1873273525893089,0.2528804202497824,-0.23065731233245446,-0.9396002859311303,-0.21217449662545984,0.9343030650338859,-0.28646075760916845
2,arm_L_wirst_ik_bind,9,-0.50009009678457,-0.8134177963728899,0.2970881748603795,-0.5387922819420938,0.023684078666024955,-0.8421056592479192,0.6779474699544431,-0.5811975163071617,-0.45010740387240444
0,arm_L_elbow_ik_bind,9,0.9600084762927004,0.0,-0.2799709367883884,0.0,1.0,0.0,0.2799709367883884,0.0,0.9600084762927004
1,arm_L_humerus_ik_bind,9,0.8935492931370927,0.06584560771963643,0.44411036542534527,-0.04376430877679859,0.9972503821421881,-0.059802680496352324,-0.44682697547427785,0.034000459721767344,0.8939740615516858
2,arm_L_wirst_ik_bind,9,0.22413121570287065,0.04949494596633583,0.9733013143273479,0.19388492747935926,-0.9810102878993465,0.005239268266179444,0.9550779198808214,0.1875341711780306,-0.22947135245318148
0,arm_L_elbow_ik_bind,9,0.24492708533167407,0.0,0.9695415013659451,-0.0,1.0,0.0,-0.9695415013659451,-0.0,0.24492708533167407
1,arm_L_humerus_ik_bind,9,0.9708743761150063,0.20933991962574555,0.11653215802680271,0.030640035325344567,0.37390448985172964,-0.9269609596439214,-0.2376218298863952,0.9035331928157394,0.35660010577905993
2,arm_L_wirst_ik_bind,9,0.4736574162895768,-0.8586423268378555,0.19591326283933966,0.21716167383393561,0.3294471607971917,0.9188609120320185,-0.8535159397524605,-0.3926804334381111,0.3425092959079084
0,arm_L_elbow_ik_bind,9,0.9600084762927004,0.0,-0.2799709367883884,0.0,1.0,0.0,0.2799709367883884,0.0,0.9600084762927004
1,arm_L_humerus_ik_bind,9,0.8740559211004877,-0.4114221542926748,-0.2583758072001954,-0.27702940696318196,0.014813618597727007,-0.9607472427135394,0.3991001809906953,0.9113245128170401,-0.10102810436694676
2,arm_L_wirst_ik_bind,9,0.0246751874649207,-0.994380241354466,0.10295178836428578,-0.754652378932753,0.049014740177765206,0.6542914810819737,-0.6556606760319759,-0.09383757695688788,-0.7492019667994422
0,arm_L_elbow_ik_bind,9,0.9600084762927004,0.0,-0.2799709367883884,0.0,1.0,0.0,0.2799709367883884,0.0,0.9600084762927004
1,arm_L_humerus_ik_bind,9,0.8169234787773181,0.26959558214053064,0.5098570896954099,-0.5740732332673274,0.46510480250658437,0.6738823677254867,-0.0554612717881738,-0.8432056361147142,0.534722640773718
2,arm_L_wirst_ik_bind,9,0.5122501353024501,-0.8196091942181569,0.25659416913812605,-0.8556374624211365,-0.5127949482685512,0.07018457046796496,0.07405627444140098,-0.25550363947176546,-0.9639676127508343
0,arm_L_elbow_ik_bind,9,0.9600084762927004,0.0,-0.2799709367883884,0.0,1.0,0.0,0.2799709367883884,0.0,0.9600084762927004
1,arm_L_humerus_ik_bind,9,0.9479021437246529,0.2750989054750692,-0.16063037735318447,-0.2953565631265723,0.9478721605038637,-0.11959459837215392,0.11935671971140381,0.16080721236361456,0.9797423201595289
2,arm_L_wirst_ik_bind,9,-0.5922932691346781,-0.3649034167478323,0.718355190545397,0.6485512874027981,-0.7449446160367554,0.1563289693115909,0.4780898565603845,0.5584827799347164,0.6778842626661739
0,arm_L_elbow_ik_bind,9,0.9600084762927004,0.0,-0.2799709367883884,0.0,1.0,0.0,0.2799709367883884,0.0,0.9600084762927004
1,arm_L_humerus_ik_bind,9,0.6033789651457004,0.5959042030881291,0.529935850043763,-0.195965403168431,0.7549555626188833,-0.6258112009478893,-0.773001542806182,0.2737522222972942,0.5723009135118996
2,arm_L_wirst_ik_bind,9,-0.9463300318733926,0.05946419050088165,-0.317684561826001,-0.25836167886292455,-0.7297474684753277,0.6330228077636549,-0.19418731593395708,0.6811260105897625,0.7059452131918172
0,arm_L_elbow_ik_bind,9,0.9600084762927004,0.0,-0.2799709367883884,0.0,1.0,0.0,0.2799709367883884,0.0,0.9600084762927004
1,arm_L_humerus_ik_bind,9,0.8912339876534905,-0.4068236192234621,-0.20049070325873258,0.057959570873239,0.5405901051556737,-0.839287213266095,0.4498251520262597,0.7363809347407774,0.5053715974952008
2,arm_L_wirst_ik_bind,9,0.3461671203419329,-0.7018428168754481,-0.6225632379080135,-0.5058875457279846,0.4192092083829355,-0.7538842289664035,0.7900924729874916,0.5759169210982508,-0.20993709562919377
0,arm_L_elbow_ik_bind,9,0.9600084762927004,0.0,-0.2799709367883884,0.0,1.0,0.0,0.2799709367883884,0.0,0.9600084762927004
1,arm_L_humerus_ik_bind,9,0.7237132041185843,0.18097225629893307,0.6659491276625308,0.038695156646852136,0.9528427316988978,-0.30098739757780163,-0.6890151544316626,0.24359755971408126,0.6825821165726924
2,arm_L_wirst_ik_bind,9,0.4277543534803049,-0.9030064789667978,0.040068841044290426,0.6155399691420417,0.32347045893316867,0.7186636268701646,-0.6619189976630528,-0.28274752190169855,0.6942024772292217
0,arm_L_elbow_ik_bind,9,-0.37143663999179455,0.0,0.9284583041104248,0.0,1.0,0.0,-0.9284583041104248,0.0,-0.37143663999179455
1,arm_L_humerus_ik_bind,9,0.5867764437080751,-0.628670228050726,-0.5103598235284125,0.7758850702686024,0.256145675133059,0.5765342581711124,-0.23172346200501537,-0.7342772892261324,0.6380760923926961
2,arm_L_wirst_ik_bind,9,0.8272322409647472,0.031166683195979393,0.5609950600201429,0.4701493942854523,0.5083098909891763,-0.7215127176811188,-0.3076464960981429,0.8606100699975181,0.4058373330010464
0,arm_L_elbow_ik_bind,9,0.9600084762927004,0.0,-0.2799709367883884,0.0,1.0,0.0,0.2799709367883884,0.0,0.9600084762927004
1,arm_L_humerus_ik_bind,9,0.7254714702102234,-0.25926118041335433,0.6375537516489814,-0.15887625152679594,0.8382341972169876,0.521652918439825,-0.6696637085969429,-0.4797364598888295,0.5669245509250082
2,arm_L_wirst_ik_bind,9,0.6973842212767487,-0.6668260919217335,0.26267510549462114,-0.1206808760414534,-0.4705319664918192,-0.8740914109332096,0.7064639934717762,0.5778776960929789,-0.40861472597812826
0,arm_L_elbow_ik_bind,9,0.9600084762927004,0.0,-0.2799709367883884,0.0,1.0,0.0,0.2799709367883884,0.0,0.9600084762927004
1,arm_L_humerus_ik_bind,9,0.8269892719961941,-0.26875681896067405,-0.49382032791830716,0.48406608911247956,0.7871116960690566,0.3822763388998092,0.28595238305451115,-0.5551801060677808,0.781028990788443
2,arm_L_wirst_ik_bind,9,-0.8068146261736449,0.23223597617397249,0.5432463624938529,0.19392120513247957,0.9726569051531455,-0.12780106047240597,-0.5580723297138529,0.002235224469004203,-0.8297892977011241
0,arm_L_elbow_ik_bind,9,-0.14056470602545224,0.0,0.9900714940952388,0.0,1.0,0.0,-0.9900714940952388,0.0,-0.14056470602545224
1,arm_L_humerus_ik_bind,9,0.5637181595228015,-0.2383907992613871,-0.7908170859634623,0.6585266602885045,-0.4482052642287131,0.6045284764235166,-0.4985624076417053,-0.8615578146271943,-0.09567474975833257
2,arm_L_wirst_ik_bind,9,-0.3810129506422938,0.5708998523887899,0.727256825327415,-0.7678144874633089,0.24281811558541563,-0.5928745867255599,-0.5150631459193218,-0.7842912222420987,0.34582833086617687
0,arm_L_elbow_ik_bind,9,-0.03877300984857034,0.0,0.9992480441348297,0.0,1.0,0.0,-0.9992480441348297,0.0,-0.03877300984857034
1,arm_L_humerus_ik_bind,9,-0.15565679941530464,-0.8323454566706256,-0.5319511270366394,-0.6013213741695783,0.5070828428203946,-0.6174784170187625,0.7836986447369889,0.2237588685995585,-0.5794380061408222
2,arm_L_wirst_ik_bind,9,0.6497910040335407,0.29570817316545633,0.7002344802994431,0.21823957252059994,-0.9550168115794185,0.2007844082261041,0.7281092912901939,0.022350971429214408,-0.6850965581675782
0,arm_L_elbow_ik_bind,9,0.9600084762927004,0.0,-0.2799709367883884,0.0,1.0,0.0,0.2799709367883884,0.0,0.9600084762927004
1,arm_L_humerus_ik_bind,9,0.8032071867735099,0.15498030606846572,0.5751863348918406,0.2482256474150575,0.7906666844049488,-0.5596697438109913,-0.5415184605170534,0.5923067608114986,0.596599076446009
2,arm_L_wirst_ik_bind,9,-0.7142690129790261,0.6727042486434678,-0.1931030060744669,0.053549586012871964,-0.2225735546592491,-0.9734441199186508,-0.6978196177636582,-0.7056415567576602,0.12295435917773712
0,arm_L_elbow_ik_bind,9,0.9600084762927004,0.0,-0.2799709367883884,0.0,1.0,0.0,0.2799709367883884,0.0,0.9600084762927004
1,arm_L_humerus_ik_bind,9,0.768029559960207,0.11441530296652111,0.6301108898236959,0.12346297028674841,0.9390007176074642,-0.3209899489090596,-0.6284007399703665,0.32432513127993395,0.7070542547958745
2,arm_L_wirst_ik_bind,9,-0.690840549794332,0.6845563225286425,-0.23264130339629444,-0.5844579790332096,-0.7181726399434446,-0.3776730464053275,-0.4256150907854208,-0.12494278899850661,0.8962371862252719
0,arm_L_elbow_ik_bind,9,0.9600084762927004,0.0,-0.2799709367883884,0.0,1.0,0.0,0.2799709367883884,0.0,0.9600084762927004
1,arm_L_humerus_ik_bind,9,0.8236142664970927,0.3181206885007276,0.46953036916719143,-0.24192211819760245,0.9458398700215467,-0.21647316000929298,-0.5129651340483496,0.06470060143033243,0.8559676415760773
2,arm_L_wirst_ik_bind,9,0.05859776856181142,0.040083828892132134,0.9974766103427802,0.9786041620718393,0.1951049971860752,-0.0653294271266412,-0.1972313248326694,0.9799629211017976,-0.02779348431525341
0,arm_L_elbow_ik_bind,9,0.9600084762927004,0.0,-0.2799709367883884,0.0,1.0,0.0,0.2799709367883884,0.0,0.9600084762927004
1,arm_L_humerus_ik_bind,9,0.47747642038184923,0.6299803141638294,0.612487609462737,0.11308822935469985,0.64722184680664,-0.7538666549182427,-0.8713365138456866,0.4292186910914352,0.23778981234905916
2,arm_L_wirst_ik_bind,9,-0.6429626850688629,0.416230652753753,-0.642923812995928,0.6147496596347045,0.7811441381610618,-0.10907195512883705,0.45681707672552396,-0.4653663923456408,-0.7581241846077398
0,arm_L_elbow_ik_bind,9,0.9600084762927004,0.0,-0.2799709367883884,0.0,1.0,0.0,0.2799709367883884,0.0,0.9600084762927004
1,arm_L_humerus_ik_bind,9,0.7627039612882108,-0.5917799957514671,0.2609197272412813,0.6036992656321223,0.7961556687177438,0.04102862225127956,-0.23201263782498446,0.12622435500724669,0.9644882311840289
2,arm_L_wirst_ik_bind,9,-0.43947717688246746,-0.23890007051491013,-0.8659021695938793,0.8699156593178154,0.12702874779507445,-0.4765610589497069,0.22384493890429402,-0.9626995655663227,0.15199667688915608
0,arm_L_elbow_ik_bind,9,0.9600084762927004,0.0,-0.2799709367883884,0.0,1.0,0.0,0.2799709367883884,0.0,0.9600084762927004
1,arm_L_humerus_ik_bind,9,0.8733452672496123,-0.15785897101889282,0.4608129657915016,-0.003537402252567156,0.9439499746587637,0.3300695867950013,-0.4870888327174077,-0.28989479231365256,0.8238358322089525
2,arm_L_wirst_ik_bind,9,0.16095685085390654,-0.5294195528624088,-0.83295127661236,-0.8611579152616826,-0.4876505781502971,0.14354079075939974,-0.48218247287240346,0.6941987112323446,-0.5344045398179229
0,arm_L_elbow_ik_bind,9,0.5993304526527123,0.0,0.800501722998205,-0.0,1.0,0.0,-0.800501722998205,-0.0,0.5993304526527123
1,arm_L_humerus_ik_bind,9,0.5987263187332291,0.40918466532815917,-0.6885453542915223,0.6839290449151767,0.18622426771839895,0.7053804531131836,0.41685471902998755,-0.8932460085402164,-0.16835590708199577
2,arm_L_wirst_ik_bind,9,0.018108888545583787,0.5788924664301193,-0.8152027848738599,-0.1210143518355016,-0.8080733832888982,-0.5765179388968458,-0.9924855640287555,0.10909133572601874,0.05542098577286413
0,arm_L_elbow_ik_bind,9,0.9600084762927004,0.0,-0.2799709367883884,0.0,1.0,0.0,0.2799709367883884,0.0,0.9600084762927004
1,arm_L_humerus_ik_bind,9,0.8160106937934777,0.4133647958687861,-0.404049617189577,-0.5349153532950264,0.27509572749212596,-0.7988666381348236,-0.21907102141530305,0.8680160633605433,0.4455962312723495
2,arm_L_wirst_ik_bind,9,-0.7156010689504463,0.30099789854840736,-0.6303295766394132,-0.6647924708491544,-0.570454495851311,0.4823200585351013,-0.21439701681519635,0.7641871061673768,0.6083189837151843
0,arm_L_elbow_ik_bind,9,0.9600084762927004,0.0,-0.2799709367883884,0.0,1.0,0.0,0.2799709367883884,0.0,0.9600084762927004
1,arm_L_humerus_ik_bind,9,0.7671806070834052,-0.37850217262817043,-0.5178513507087651,0.13648467143029525,-0.6925218276033848,0.7083681618744817,-0.6267422521098304,-0.6141250879166412,-0.47962957145246543
2,arm_L_wirst_ik_bind,9,0.5437883887213618,-0.4747790109807678,-0.692010895162749,0.05806598880641378,0.8438954806574606,-0.5333561274325505,0.8372111616765265,0.24985057225877552,0.48646907641308923
0,arm_L_elbow_ik_bind,9,0.9600084762927004,0.0,-0.2799709367883884,0.0,1.0,0.0,0.2799709367883884,0.0,0.9600084762927004
1,arm_L_humerus_ik_bind,9,0.7625140072908521,-0.619021453114741,-0.1881085571391186,0.6007812654401169,0.569595159472655,0.5609128500948186,-0.2400713639345982,-0.5407160020648873,0.8062207795198202
2,arm_L_wirst_ik_bind,9,0.458488535394483,-0.170214913148535,-0.8722471818548104,0.4281888519228889,-0.817739323178664,0.38465140896174993,-0.7787442263033354,-0.5498447805236834,-0.30203997637743596
0,arm_L_elbow_ik_bind,9,0.9600084762927004,0.0,-0.2799709367883884,0.0,1.0,0.0,0.2799709367883884,0.0,0.9600084762927004
1,arm_L_humerus_ik_bind,9,0.47842846481683066,0.5576962487727533,-0.6782927820328106,-0.868972211655977,0.1894377777489089,-0.45716586019876304,-0.12646540800839834,0.808138739614897,0.5752549679150238
2,arm_L_wirst_ik_bind,9,0.8477959797667796,0.5126657898931504,-0.13570469617709868,-0.5297953626298118,0.8073477373431823,-0.25982013921709407,-0.023640017496455182,0.29217018821241175,0.9560741240576963
0,arm_L_elbow_ik_bind,9,0.9916884439502959,0.0,0.12866246591543695,-0.0,1.0,0.0,-0.12866246591543695,-0.0,0.9916884439502959
1,arm_L_humerus_ik_bind,9,0.7799497270325136,0.19033048149291926,0.5961985668521697,-0.3780482120807897,0.9024710699806364,0.2064594807474909,-0.4987564261685515,-0.386419817895872,0.7758361629190118
2,arm_L_wirst_ik_bind,9,0.6863670884287549,0.44812606742659555,0.5727855162402486,-0.7049238696519541,0.6036201450972735,0.3724581297644898,-0.1788366794501302,-0.6594131846767404,0.7301997630496263
0,arm_L_elbow_ik_bind,9,0.9600084762927004,0.0,-0.2799709367883884,0.0,1.0,0.0,0.2799709367883884,0.0,0.9600084762927004
1,arm_L_humerus_ik_bind,9,0.7448810169381881,0.0863710941410062,-0.6615831804860339,-0.23282333925944038,-0.8956039911269624,-0.3790603959444197,-0.6252563980490038,0.43638689849071094,-0.6470092051311511
2,arm_L_wirst_ik_bind,9,0.14522033416704502,-0.2188137284268809,-0.9648997910645118,-0.9859687017164747,0.049137590999315015,-0.1595343736826423,0.0823211624063989,0.9745286293396982,-0.208607710349709
0,arm_L_elbow_ik_bind,9,0.9600084762927004,0.0,-0.2799709367883884,0.0,1.0,0.0,0.2799709367883884,0.0,0.9600084762927004
1,arm_L_humerus_ik_bind,9,0.9359965534761975,-0.22440164549033473,0.2712090584436846,0.17822951094924047,0.9665175121686531,0.18460265463452077,-0.3035534439064633,-0.12444999064904635,0.9446520557961953
2,arm_L_wirst_ik_bind,9,-0.1641420016681712,0.07778451215900972,0.9833651269780473,-0.5186980900952545,-0.8547470063163543,-0.018969621102312453,0.8390528556771027,-0.5131833248084108,0.18064656243251298
0,arm_L_elbow_ik_bind,9,0.3174004507707795,0.0,0.9482915974796499,-0.0,1.0,0.0,-0.9482915974796499,-0.0,0.3174004507707795
1,arm_L_humerus_ik_bind,9,0.7650249125497864,-0.502635799634385,-0.4026091604820904,-0.008671430420355368,0.6170723286892135,-0.7868586578671777,0.6439423029066008,0.6054576732455982,0.4677171329290494
2,arm_L_wirst_ik_bind,9,0.10894561522686966,-0.567689185216954,-0.8160023541084611,0.11109322075247743,0.8226993237476401,-0.5575160257858216,0.9878204033252606,-0.029913403231436778,0.15269590394451737
0,arm_L_elbow_ik_bind,9,0.9600084762927004,0.0,-0.2799709367883884,0.0,1.0,0.0,0.2799709367883884,0.0,0.9600084762927004
1,arm_L_humerus_ik_bind,9,0.6962179732710725,-0.5914158374783475,0.4068265488806067,0.3155837838270806,0.7612156916416524,0.566531151997755,-0.6447382485006629,-0.2660413087817483,0.7166132938635676
2,arm_L_wirst_ik_bind,9,-0.2560663457934851,0.6006565517048679,-0.7573914004304437,0.2748993857581635,0.7964128249047675,0.5386621761707356,0.9267471900479416,-0.0702731756876375,-0.36905463893171503
0,arm_L_elbow_ik_bind,9,0.7703589832517064,0.0,0.6376104115550476,-0.0,1.0,0.0,-0.6376104115550476,-0.0,0.7703589832517064
1,arm_L_humerus_ik_bind,9,0.6958353238631743,-0.19599296755173803,-0.6909413569431885,-0.5739109924386303,-0.7301253496170852,-0.3708680986612836,-0.4317862605761528,0.6546019634226533,-0.6205295276301283
2,arm_L_wirst_ik_bind,9,0.06676778416597495,0.7361708132066528,0.6734943182983961,-0.77443775515811,-0.38736805463079826,0.5001921167283808,0.6291170212156345,-0.5549761472659941,0.5442547653282979
0,arm_L_elbow_ik_bind,9,0.9345500251420638,0.0,0.3558317727620286,-0.0,1.0,0.0,-0.3558317727620286,-0.0,0.9345500251420638
1,arm_L_humerus_ik_bind,9,0.9458744646388841,-0.29901493346926855,0.1261410587654674,0.17837105360243036,0.8037102843690974,0.5676561864686259,-0.27111854304134775,-0.5144315779204397,0.8135446436781595
2,arm_L_wirst_ik_bind,9,-0.8307831322872681,-0.08419752869982464,0.5501910243431801,-0.41165380213058944,-0.5723630144095093,-0.709183845647579,0.3746205203914824,-0.81566620372362,0.44084930509723286
0,arm_L_elbow_ik_bind,9,0.9312938423778238,0.0,0.36426882813267025,-0.0,1.0,0.0,-0.36426882813267025,-0.0,0.9312938423778238
1,arm_L_humerus_ik_bind,9,0.8872276652627796,-0.041622845146314785,-0.4594503332834606,-0.33438067508044633,-0.7441532104604276,-0.5782953946679699,-0.3178311408989087,0.6667109854527402,-0.6741511905734006
2,arm_L_wirst_ik_bind,9,-0.7673793461032454,-0.637036848161537,0.07289028233290615,-0.5377898555576085,0.7013570601136478,0.4678464977832661,-0.34915757249912616,0.31981608513824916,-0.8807988767325727
0,arm_L_elbow_ik_bind,9,0.9600084762927004,0.0,-0.2799709367883884,0.0,1.0,0.0,0.2799709367883884,0.0,0.9600084762927004
1,arm_L_humerus_ik_bind,9,0.7657773424747311,-0.5344042246867107,0.35776694423791267,0.18208628258778836,0.713717786194288,0.6763516151849456,-0.6167897919434938,-0.45279028954574563,0.6438565882612226
2,arm_L_wirst_ik_bind,9,-0.915011245230443,-0.18814257958348743,-0.35687083216411014,0.033502916524817024,0.846102227033259,-0.5319667057191555,0.40203479412379783,-0.49871173152135734,-0.7678897272114039
0,arm_L_elbow_ik_bind,9,0.9600084762927004,0.0,-0.2799709367883884,0.0,1.0,0.0,0.2799709367883884,0.0,0.9600084762927004
1,arm_L_humerus_ik_bind,9,0.9091810769585599,0.4040438793071578,0.10068918956321102,0.11948721647364449,-0.02151042462341124,-0.9926026932926896,-0.3988891755862194,0.9144866566697097,-0.06783494949657443
2,arm_L_wirst_ik_bind,9,-0.822544656173936,0.3093767996847623,0.4771857965368584,0.3311786678072064,0.9427060251582595,-0.040324187775564575,-0.4623212936791313,0.12486531122425236,-0.877876799706955
0,arm_L_elbow_ik_bind,9,0.9600084762927004,0.0,-0.2799709367883884,0.0,1.0,0.0,0.2799709367883884,0.0,0.9600084762927004
1,arm_L_humerus_ik_bind,9,0.8495417062068751,-0.4836171911652782,0.21069718039052737,0.2940324837374458,0.7657232792663716,0.5720251376440922,-0.4379769262441805,-0.4240073961606814,0.7927130250467307
2,arm_L_wirst_ik_bind,9,-0.8758158747337348,0.056674563299099506,-0.47930631900616494,0.22492954636499027,0.9265735753823843,-0.30144337540431176,0.42702839804446596,-0.37181904641634683,-0.8242556302419871
0,arm_L_elbow_ik_bind,9,0.9600084762927004,0.0,-0.2799709367883884,0.0,1.0,0.0,0.2799709367883884,0.0,0.9600084762927004
1,arm_L_humerus_ik_bind,9,0.5122763749430153,0.7257975814926716,-0.4591195774246969,0.37037101647389464,-0.6690291142591003,-0.6443798215569589,-0.774853680272177,0.16005597449977604,-0.6115421973957232
2,arm_L_wirst_ik_bind,9,-0.2035004385056926,0.9044894282339252,0.3748152154609756,0.9748688901269109,0.15174369253340722,0.16310885579591206,0.09065439090698123,0.3985884167777501,-0.9126385130049522
0,arm_L_elbow_ik_bind,9,0.9600084762927004,0.0,-0.2799709367883884,0.0,1.0,0.0,0.2799709367883884,0.0,0.9600084762927004
1,arm_L_humerus_ik_bind,9,0.9833349951124941,-0.07129333504101579,0.16724098709897736,-0.021886845444760373,0.8667894590086895,0.49819373716246224,-0.180480617750461,-0.49355171373438944,0.8507840222325869
2,arm_L_wirst_ik_bind,9,0.35092770163487047,-0.42130078049840247,-0.836274715973587,-0.16373453275501887,-0.9069207011549556,0.3881827463967188,-0.921976545801878,0.0007029708674590461,-0.3872450836656246
0,arm_L_elbow_ik_bind,9,0.9600084762927004,0.0,-0.2799709367883884,0.0,1.0,0.0,0.2799709367883884,0.0,0.9600084762927004
1,arm_L_humerus_ik_bind,9,0.45296612580571916,0.34295360736056285,-0.82292436594801,-0.5448006219240215,-0.6241724381107728,-0.5600009373689051,-0.7057010494704942,0.7019911614124711,-0.09588763254462562
2,arm_L_wirst_ik_bind,9,0.6218784551398653,-0.42422821613055034,0.6582534524569891,0.43041867185973876,-0.517053256400568,-0.7398619445275362,0.6542224040395994,0.7434287798331859,-0.13894853496308432
0,arm_L_elbow_ik_bind,9,0.9600084762927004,0.0,-0.2799709367883884,0.0,1.0,0.0,0.2799709367883884,0.0,0.9600084762927004
1,arm_L_humerus_ik_bind,9,0.8084569851492258,-0.4921251175012204,0.322816003147047,0.58828972883939,0.6921668749964422,-0.41811507040495016,-0.017677615945065978,0.5279373882214343,0.8490992969096307
2,arm_L_wirst_ik_bind,9,-0.8668059844565486,-0.38065605607489106,0.32209991040641944,-0.01580315196695211,-0.6246543835189152,-0.7807414178449309,0.49839506989758986,-0.6818415271337711,0.5354385923499196
0,arm_L_elbow_ik_bind,9,0.9600084762927004,0.0,-0.2799709367883884,0.0,1.0,0.0,0.2799709367883884,0.0,0.9600084762927004
1,arm_L_humerus_ik_bind,9,0.3883142163559204,0.6784400021392513,0.6236435142556843,-0.7206818330705179,0.6453342336099337,-0.2533010509516241,-0.5743080748674925,-0.3510881519339154,0.7395318415819718
2,arm_L_wirst_ik_bind,9,-0.8362253235543797,-0.323083998296891,-0.4431071408709946,0.36187340983718613,-0.9322217223612488,-0.0032086773965015886,-0.41203742973082047,-0.16303186928426436,0.8964629195334838
0,arm_L_elbow_ik_bind,9,0.8842157142717572,0.0,0.46707876277442356,-0.0,1.0,0.0,-0.46707876277442356,-0.0,0.8842157142717572
1,arm_L_humerus_ik_bind,9,0.8136731708192834,-0.0022957611019445707,-0.5813180717729804,-0.46421654204981505,0.5993546115393954,-0.6521326948664453,0.3499128079625058,0.800480342736424,0.4866130369363026
2,arm_L_wirst_ik_bind,9,-0.17086293249243245,-0.8989376490902874,-0.40338190508265737,-0.464338726715374,-0.28762362170385875,0.837652791501527,-0.8690197956159755,0.3304296525525258,-0.3682673479166805
0,arm_L_elbow_ik_bind,9,0.9600084762927004,0.0,-0.2799709367883884,0.0,1.0,0.0,0.2799709367883884,0.0,0.9600084762927004
1,arm_L_humerus_ik_bind,9,0.7851121780741035,0.09379561313968307,0.6122101361423936,0.5633104769523744,0.3027404188102276,-0.7687844596337108,-0.2574493627792185,0.9484464253579951,0.1848491380294088
2,arm_L_wirst_ik_bind,9,0.751191689687787,-0.42732006619068025,0.5030990025579462,-0.11648574688238085,0.6643944041545272,0.7382487023364175,-0.6497246463828054,-0.6131701531866528,0.44931085800790005
0,arm_L_elbow_ik_bind,9,0.9600084762927004,0.0,-0.2799709367883884,0.0,1.0,0.0,0.2799709367883884,0.0,0.9600084762927004
1,arm_L_humerus_ik_bind,9,0.6951036557847108,-0.41787899479665797,0.5849855155663813,0.6437108198424276,0.7240956976796945,-0.24763239089332828,-0.3201051204409575,0.5486916860218416,0.7723147969306227
2,arm_L_wirst_ik_bind,9,-0.7458131880074069,-0.06019469533933779,0.6634299414762888,-0.6353650405730119,0.36355617621789477,-0.6812768687923271,-0.20018479915288917,-0.9296254651131427,-0.3093905958514091
0,arm_L_elbow_ik_bind,9,0.9600084762927004,0.0,-0.2799709367883884,0.0,1.0,0.0,0.2799709367883884,0.0,0.9600084762927004
1,arm_L_humerus_ik_bind,9,0.5730963324538453,-0.32182810095387293,0.7536492998499869,0.02011541350114715,0.9249061612858971,0.379662959682748,-0.8192410901972811,-0.2024234824614225,0.5365340342238885
2,arm_L_wirst_ik_bind,9,0.5283700409842488,-0.47353709418319573,0.7046898042563399,-0.8033021268261185,-0.010154331880576128,0.5954851657100236,-0.2748286608542462,-0.880715339923516,-0.3857585996403285
0,arm_L_elbow_ik_bind,9,0.9600084762927004,0.0,-0.2799709367883884,0.0,1.0,0.0,0.2799709367883884,0.0,0.9600084762927004
1,arm_L_humerus_ik_bind,9,0.9748379971323807,0.2194881039878703,-0.03893393834096785,-0.17188625152234832,0.6289192465006235,-0.7582319552212794,-0.1419365910698311,0.7458455293081121,0.6508213660648963
2,arm_L_wirst_ik_bind,9,0.9005340174278741,-0.4086974398866642,-0.14834043981767012,0.43475703811326344,0.8503523269830845,0.2964578179192367,0.004980086966671112,-0.3314624000162606,0.9434552856968182
0,arm_L_elbow_ik_bind,9,0.8495145549186462,0.0,0.5275651817371713,-0.0,1.0,0.0,-0.5275651817371713,-0.0,0.8495145549186462
1,arm_L_humerus_ik_bind,9,0.8438835335503474,-0.2959804143050228,0.4474999174864803,0.14394334087326047,0.9283886995609033,0.34259996664602765,-0.5168567465176632,-0.22469983728396858,0.8260563459617837
2,arm_L_wirst_ik_bind,9,0.1875069705861388,0.27790027254104016,-0.9421319305188763,-0.8468222626709009,0.5317475244852462,-0.011688697478687227,0.4977280295769415,0.8000100053908255,0.3350385050229709
0,arm_L_elbow_ik_bind,9,0.1232041797415373,0.0,0.9923813430804789,-0.0,1.0,0.0,-0.9923813430804789,-0.0,0.1232041797415373
1,arm_L_humerus_ik_bind,9,0.05729417157837613,-0.26134200786535733,-0.9635443595538562,-0.5785662172622872,0.7778498562207199,-0.24537875503028647,0.8136206180683696,0.5715329877638814,-0.10663739377786555
2,arm_L_wirst_ik_bind,9,-0.14972869632040275,-0.08157300853056755,0.9853563628340078,-0.942459895566549,0.3130682099750673,-0.1172929714505392,-0.2989158121392754,-0.9462209785152088,-0.12375458403969675
0,arm_L_elbow_ik_bind,9,0.9600084762927004,0.0,-0.2799709367883884,0.0,1.0,0.0,0.2799709367883884,0.0,0.9600084762927004
1,arm_L_humerus_ik_bind,9,0.16068156283953505,0.6522003225031259,0.7408212839074368,-0.41543288765255987,-0.6361605296528343,0.6501655914984128,0.8953194688043482,-0.4122311485545991,0.16872619518396048
2,arm_L_wirst_ik_bind,9,0.06729532350496713,-0.4967092963709038,-0.8653041166740646,0.9974387574102666,0.05455705583787873,0.04625422006872459,0.02423354390561221,-0.866200555620362,0.49910853808841077
0,arm_L_elbow_ik_bind,9,0.9600084762927004,0.0,-0.2799709367883884,0.0,1.0,0.0,0.2799709367883884,0.0,0.9600084762927004
1,arm_L_humerus_ik_bind,9,0.835552498097709,0.3642979612215542,0.41126514363910904,-0.18432908035844908,0.8910488440600756,-0.41479482594821687,-0.5175662402600139,0.2707747273085546,0.8116687957498991
2,arm_L_wirst_ik_bind,9,-0.576030508235757,-0.324925064911534,0.7500750334292504,-0.34994380212213905,-0.7312426988818717,-0.5855112728959686,0.7387341801608726,-0.5997564651791523,0.3075125908606863
0,arm_L_elbow_ik_bind,9,0.9600084762927004,0.0,-0.2799709367883884,0.0,1.0,0.0,0.2799709367883884,0.0,0.9600084762927004
1,arm_L_humerus_ik_bind,9,0.8143248215108603,-0.5110368901994644,-0.2751660987959201,-0.16817586931860215,-0.6615035383210991,0.7308419430818126,-0.5555105417993775,-0.548866436980735,-0.6246228240353013
2,arm_L_wirst_ik_bind,9,-0.9202575508326993,0.16953068497078422,-0.35268312546638597,-0.04777381683419569,0.8458647048562543,0.5312537656370392,0.38838602261216165,0.5057393082723334,-0.770314253735271
0,arm_L_elbow_ik_bind,9,0.9600084762927004,0.0,-0.2799709367883884,0.0,1.0,0.0,0.2799709367883884,0.0,0.9600084762927004
1,arm_L_humerus_ik_bind,9,0.9347371076281097,-0.3315407611260103,0.12785641687072874,0.12905221839940598,0.6519863734186,0.7471675138833687,-0.331077127795364,-0.6819050466072587,0.652221927615382
2,arm_L_wirst_ik_bind,9,0.31179145467969,0.7674796167978986,-0.5601438445510889,-0.8243901544588286,0.5116232056089285,0.24212097949949107,0.4724055059163386,0.3862858181220164,0.7922223833607156
0,arm_L_elbow_ik_bind,9,0.9600084762927004,0.0,-0.2799709367883884,0.0,1.0,0.0,0.2799709367883884,0.0,0.9600084762927004
1,arm_L_humerus_ik_bind,9,0.7587914644075944,0.22576043796255504,-0.6109564126786244,-0.5509383663337529,0.7228027236852032,-0.41716080728508903,0.347422552583556,0.6531373877555985,0.6728366240567757
2,arm_L_wirst_ik_bind,9,0.9265593340564584,0.12308133574060147,-0.355441676319986,0.18410291427308828,0.6756395171469397,0.7138748908776704,0.32801511768363395,-0.7268852919558624,0.6033604684674264
0,arm_L_elbow_ik_bind,9,0.6993587661083358,0.0,0.714770813804975,-0.0,1.0,0.0,-0.714770813804975,-0.0,0.6993587661083358
1,arm_L_humerus_ik_bind,9,0.45611731042315234,0.5580284343851978,0.6932252632081108,-0.4556621468731178,0.8155610297532696,-0.35669624984679554,-0.764414159366067,-0.15318117758194477,0.626263937805202
2,arm_L_wirst_ik_bind,9,-0.20021007841052607,-0.971933764244225,0.12353413465476784,-0.8570145432393665,0.11262689414173754,-0.5028332282101151,0.47480732637467904,-0.2065428300329915,-0.8555104103299342
0,arm_L_elbow_ik_bind,9,-0.012058091595408937,0.0,0.9999272985707894,0.0,1.0,0.0,-0.9999272985707894,0.0,-0.012058091595408937
1,arm_L_humerus_ik_bind,9,0.6499941891338189,0.7565709633800914,-0.07146979405587761,-0.2504573439372404,0.3020649539767368,0.919797739966203,0.7174807822932765,-0.5799630513654745,0.3858292188140703
2,arm_L_wirst_ik_bind,9,0.7180915716862889,-0.3873612177329971,-0.5781831731117091,-0.6542425881035757,-0.09245895474254537,-0.7506117355860152,0.2372996641056406,0.9172800165076774,-0.31982220174813486
0,arm_L_elbow_ik_bind,9,0.9600084762927004,0.0,-0.2799709367883884,0.0,1.0,0.0,0.2799709367883884,0.0,0.9600084762927004
1,arm_L_humerus_ik_bind,9,0.975132366139101,-0.08429339457126411,-0.20496705135121435,0.21982113252740904,0.48557329865142773,0.84610710984552,0.028205286779705428,-0.8701225173896057,0.4920277091071702
