No.,jointName,dimension,translateX,translateY,translateZ,rotMtx_00,rotMtx_01,rotMtx_02,rotMtx_10,rotMtx_11,rotMtx_12,rotMtx_20,rotMtx_21,rotMtx_22
0,leg_L_ankle_irm_bind,9,n/a,n/a,n/a,0.17840628473743803,-0.7451653587148863,0.6425727863343565,0.663827861186202,0.5731918455654355,0.4803994992610234,-0.7262945465024065,0.3408514285559097,0.5969225539148768
1,leg_L_femur_irm_bind,9,n/a,n/a,n/a,0.23913196701108286,-0.48237777847400165,-0.84269067942389,-0.637931323617473,0.5762348789665707,-0.5108786456782478,0.7320242678361623,0.6597461959699872,-0.1699277146379068
2,leg_L_knee_irm_bind,9,n/a,n/a,n/a,0.9652560564522505,0.2613058466285242,0.0,-0.2613058466285242,0.9652560564522505,0.0,0.0,0.0,1.0
3,leg_R_ankle_irm_bind,9,n/a,n/a,n/a,0.06282816512815394,-0.9405176434604243,0.33388498619476803,0.3892049438033658,0.33114799968097386,0.8595699587737514,-0.9190060573171696,0.07594448397968431,0.38685953777490234
4,leg_R_femur_irm_bind,9,n/a,n/a,n/a,-0.3997466257921456,-0.04840788603146985,0.9153465528081476,0.673537580627531,0.6618237000339984,0.3291451314476949,-0.6217312624037871,0.7480949583062783,-0.23195726051693463
5,leg_R_knee_irm_bind,9,n/a,n/a,n/a,0.9652559547696747,0.261306222240657,0.0,-0.261306222240657,0.9652559547696747,0.0,0.0,0.0,1.0
6,spine_C_spine_01_irm_bind,12,178.84115186489797,164.0721470999813,71.81695921585012,0.8247740148134051,-0.5624255901852246,-0.05852589164958501,-0.03925612002168656,0.04630041309332412,-0.9981559140676527,0.5640982020264027,0.8255505600822944,0.016108731122920997
0,leg_L_ankle_irm_bind,9,n/a,n/a,n/a,0.06262741348169219,-0.924859743773247,-0.3751163305273135,0.38534926424495974,0.3691160484507925,-0.8457300321745351,0.920643118491884,-0.09158491755609009,0.37951080518185887
1,leg_L_femur_irm_bind,9,n/a,n/a,n/a,-0.6147180598101163,0.7816621621534168,-0.10547971938212539,0.21982111030172513,0.04134877500609169,-0.9746635102799388,-0.7574961296330187,-0.6223299310358944,-0.19724368311268115
2,leg_L_knee_irm_bind,9,n/a,n/a,n/a,0.9652560564522505,0.26130584662852424,0.0,-0.26130584662852424,0.9652560564522505,0.0,0.0,0.0,1.0
3,leg_R_ankle_irm_bind,9,n/a,n/a,n/a,0.3113140735122604,-0.9501180062052575,-0.018955788502426015,0.9472903806189162,0.31185219572524864,-0.07341078128047392,0.07566030941035912,0.004897173254747115,0.9971216251160344
4,leg_R_femur_irm_bind,9,n/a,n/a,n/a,-0.4783551370436585,0.3381770108732667,0.8104398017007587,0.30686750652171757,0.9290686615245547,-0.20655206514125224,-0.8228053817915182,0.14989239970657267,-0.5482003029961936
5,leg_R_knee_irm_bind,9,n/a,n/a,n/a,0.9652559547696746,0.2613062222406575,0.0,-0.2613062222406575,0.9652559547696746,0.0,0.0,0.0,1.0
6,spine_C_spine_01_irm_bind,12,-13.882308804178383,187.60535055563963,164.22790784134938,0.9496727157613263,-0.3120566903707284,0.02724619117187149,0.0385968664580921,0.030254065170006506,-0.9987967628303093,0.31085690411847555,0.9495816518528336,0.04077587063841348
0,leg_L_ankle_irm_bind,9,n/a,n/a,n/a,0.23059716190549118,-0.9600309122173336,0.1586366808411194,0.845082731291135,0.2784072493077003,0.45642587657409983,-0.4823485525993088,0.02881060776995969,0.8755054669648141
1,leg_L_femur_irm_bind,9,n/a,n/a,n/a,-0.5808033820225224,-0.6580732942974679,0.47917321582458994,0.5983183712989291,-0.7442319701861134,-0.29687354398648186,0.5519805775544984,0.11427297968187805,0.8259897869327608
2,leg_L_knee_irm_bind,9,n/a,n/a,n/a,0.9652560564522505,0.2613058466285242,0.0,-0.2613058466285242,0.9652560564522505,0.0,0.0,0.0,1.0
3,leg_R_ankle_irm_bind,9,n/a,n/a,n/a,0.40225667846720226,-0.7913970386992087,-0.46030456413841525,0.5761241174011751,0.6095580256621692,-0.5445365136513391,0.7115269256867591,-0.046149111464479114,0.7011417071703753
4,leg_R_femur_irm_bind,9,n/a,n/a,n/a,-0.7272111241568959,-0.6180120302358874,0.298705727072951,0.46063721987274464,-0.76201236394624,-0.4551379009278087,0.5088981554008349,-0.1933863689011707,0.8388232112625686
5,leg_R_knee_irm_bind,9,n/a,n/a,n/a,0.9652559547696743,0.26130622224065814,0.0,-0.26130622224065814,0.9652559547696743,0.0,0.0,0.0,1.0
6,spine_C_spine_01_irm_bind,12,218.37968517884696,211.61974494602435,-30.639911958069362,-0.045052794361573716,0.9961170318862494,-0.07563798322497826,-0.8757158031624666,-0.07581485262700549,-0.47683743583391347,-0.48072037382633354,0.04475451828892559,0.8757310975870368
0,leg_L_ankle_irm_bind,9,n/a,n/a,n/a,0.15708798043666308,-0.915250529002191,0.37099843067530724,0.8252758463901794,0.3279927430185928,0.4597178894627796,-0.5424418344553669,0.2339598890586793,0.8068578725800144
1,leg_L_femur_irm_bind,9,n/a,n/a,n/a,-0.7052598889337084,0.47550658384830163,-0.5258345536175155,-0.6702271445656495,-0.20542375099288246,0.7131596295468431,0.23109319277856163,0.8553914725112313,0.46357455172439965
2,leg_L_knee_irm_bind,9,n/a,n/a,n/a,0.9652560564522507,0.2613058466285236,0.0,-0.2613058466285236,0.9652560564522507,0.0,0.0,0.0,1.0
3,leg_R_ankle_irm_bind,9,n/a,n/a,n/a,-0.33204371746907085,-0.8303279595208989,-0.4475516163831604,-0.7868716077880231,0.505479537736813,-0.3540106068841283,0.5201730890255768,0.23461866201825826,-0.8212028013142374
4,leg_R_femur_irm_bind,9,n/a,n/a,n/a,-0.67807653193584,-0.6362154552361936,0.368024606998589,-0.723403650987039,0.666257890650554,-0.1810734129697027,-0.12999759450268833,-0.38901197624813166,-0.9120144229994595
5,leg_R_knee_irm_bind,9,n/a,n/a,n/a,0.9652559547696745,0.2613062222406579,0.0,-0.2613062222406579,0.9652559547696745,0.0,0.0,0.0,1.0
6,spine_C_spine_01_irm_bind,12,13.910877564653386,112.14812698961151,46.286625790762116,-0.6450743565531416,-0.4001953289418051,0.6509399152077793,0.6552802163208469,-0.727916367079889,0.201855395359451,0.3930482319207842,0.5567597877275052,0.7318002638381382
0,leg_L_ankle_irm_bind,9,n/a,n/a,n/a,0.7823451725454323,-0.48907296507115783,-0.3856730037627262,0.5801791838517787,0.34699903150315703,0.736874335800179,-0.22655715751205413,-0.8002495279426144,0.555222970893389
1,leg_L_femur_irm_bind,9,n/a,n/a,n/a,-0.7903873716327587,-0.3063511946287845,0.53050612467056,0.12856068457482142,-0.929644325570576,-0.3453021550990985,0.5989657362029255,-0.2047202322291209,0.7741638543428273
2,leg_L_knee_irm_bind,9,n/a,n/a,n/a,0.9652560564522507,0.2613058466285237,0.0,-0.2613058466285237,0.9652560564522507,0.0,0.0,0.0,1.0
3,leg_R_ankle_irm_bind,9,n/a,n/a,n/a,-0.5794375921819898,-0.7444299304822317,-0.3317772677091625,-0.7695748161765322,0.6337743636177171,-0.07800421993593903,0.2683406027294312,0.210128852429116,-0.9401272181484952
4,leg_R_femur_irm_bind,9,n/a,n/a,n/a,0.11942339921832078,0.0066130805590386985,0.9928213932448582,0.14130356737438693,-0.9899116495253031,-0.010403267821541887,0.9827366654228457,0.1415315982373346,-0.11915306598645325
5,leg_R_knee_irm_bind,9,n/a,n/a,n/a,0.9652559547696745,0.2613062222406579,0.0,-0.2613062222406579,0.9652559547696745,0.0,0.0,0.0,1.0
6,spine_C_spine_01_irm_bind,12,13.870810038222064,-8.582324770804348,50.88572379658078,-0.7447200325216364,-0.579668498965174,0.33072118841772913,0.6335000871388424,-0.45813237260582407,0.6235321713958613,-0.2099278751287025,0.6738688006415051,0.7084004000323032
0,leg_L_ankle_irm_bind,9,n/a,n/a,n/a,0.5716315320355935,-0.7643995582721202,0.29821251968357604,0.8179852474241853,0.5593937061250086,-0.13408510933031254,-0.06432360825571284,0.3205807181680064,0.9450346430474657
1,leg_L_femur_irm_bind,9,n/a,n/a,n/a,0.08883545212966548,-0.9580887669986474,-0.27234936569768164,0.9875331090160474,0.12039267137569132,-0.1014098776062975,0.12994853228112027,-0.2599452235184105,0.9568395161822835
2,leg_L_knee_irm_bind,9,n/a,n/a,n/a,0.9652560564522502,0.2613058466285246,0.0,-0.2613058466285246,0.9652560564522502,0.0,0.0,0.0,1.0
3,leg_R_ankle_irm_bind,9,n/a,n/a,n/a,-0.4033812967095235,-0.5935441534243902,0.6964114210728225,-0.2408642908316652,0.8031139135740079,0.5449701232416325,-0.8827615322764711,0.05209011191738093,-0.4669247234547903
4,leg_R_femur_irm_bind,9,n/a,n/a,n/a,0.1102742848929168,-0.8238688519680436,-0.5559493653636219,0.006520855307935338,-0.5587490370843416,0.8293111551181346,-0.9938798018560441,-0.09507695995444579,-0.056243320922683374
5,leg_R_knee_irm_bind,9,n/a,n/a,n/a,0.9652559547696743,0.2613062222406581,0.0,-0.2613062222406581,0.9652559547696743,0.0,0.0,0.0,1.0
6,spine_C_spine_01_irm_bind,12,118.28765772639858,150.27469245088815,165.40381473365835,-0.05602146558277599,0.4689012822588506,0.8814721679610557,0.38087229129573946,0.8261339049196191,-0.4152578342011082,-0.9229289751205622,0.31246497185807476,-0.22487273788665751
0,leg_L_ankle_irm_bind,9,n/a,n/a,n/a,0.2551356512099069,-0.9543608280578119,-0.15524564196944315,0.8195224028017133,0.298645981092451,-0.48907423698599567,0.5131167808479891,-0.002447007587882189,0.8583153158170147
1,leg_L_femur_irm_bind,9,n/a,n/a,n/a,-0.13736307304963358,-0.5792061868381927,-0.8035244733614042,0.9651290488717796,0.10423638481990727,-0.24012641483920538,0.22283919131565477,-0.808489312983194,0.5446904860613485
2,leg_L_knee_irm_bind,9,n/a,n/a,n/a,0.9652560564522505,0.2613058466285242,0.0,-0.2613058466285242,0.9652560564522505,0.0,0.0,0.0,1.0
3,leg_R_ankle_irm_bind,9,n/a,n/a,n/a,0.11594205994846607,-0.9268112759846756,-0.35718104294960007,0.827112048012745,0.28919713670359726,-0.48192393191727245,0.549948269173628,-0.23955349054041897,0.8001068843616034
4,leg_R_femur_irm_bind,9,n/a,n/a,n/a,0.15277739028723114,-0.6052415077141923,0.7812437432433457,-0.7090204382496694,-0.6178207924853932,-0.3399815973210424,0.688439603132526,-0.501976280029816,-0.5235176473875149
5,leg_R_knee_irm_bind,9,n/a,n/a,n/a,0.9652559547696746,0.26130622224065764,0.0,-0.26130622224065764,0.9652559547696746,0.0,0.0,0.0,1.0
6,spine_C_spine_01_irm_bind,12,168.26770236200377,177.14216853556724,72.87713833894081,-0.5207888251294475,0.8536842593938004,0.001478135158935412,0.06511096455126186,0.03799429745185379,0.9971544492486328,0.8511988968011495,0.5194031369027323,-0.07537121108292943
0,leg_L_ankle_irm_bind,9,n/a,n/a,n/a,0.03676488723345661,-0.9688660455723508,-0.2448406191866598,0.9833824039536945,-0.008512087359009435,0.18134660725540344,-0.1777846749890557,-0.24743914424720342,0.9524528750721726
1,leg_L_femur_irm_bind,9,n/a,n/a,n/a,-0.2027411635712315,-0.3015966191252972,0.9316305597853548,0.3883163080834292,0.8486247343242781,0.359230434637022,-0.8989474208596621,0.4345981357820565,-0.05493628040305176
2,leg_L_knee_irm_bind,9,n/a,n/a,n/a,0.9652560564522505,0.2613058466285239,0.0,-0.2613058466285239,0.9652560564522505,0.0,0.0,0.0,1.0
3,leg_R_ankle_irm_bind,9,n/a,n/a,n/a,0.14436423509637664,-0.9196108074127477,0.3653422101464768,0.5369265078241582,0.38292947427121454,0.7517146685612336,-0.831185233760076,0.08764120391713871,0.5490447400305027
4,leg_R_femur_irm_bind,9,n/a,n/a,n/a,-0.24425606891966242,0.5318440610650139,-0.8108519393241819,0.8572204821881072,0.5093325287997421,0.0758513020563843,0.45333433326089706,-0.6765517495479068,-0.5803151837325682
5,leg_R_knee_irm_bind,9,n/a,n/a,n/a,0.9652559547696745,0.261306222240658,0.0,-0.261306222240658,0.9652559547696745,0.0,0.0,0.0,1.0
6,spine_C_spine_01_irm_bind,12,44.594319306750236,5.922413764824739,128.45639846062852,0.6477346737665455,-0.7472415026372976,-0.14855951378790982,-0.7524567480139501,-0.5969035537802225,-0.2784151394102205,0.11936764540200061,0.29212374812893066,-0.9489020397334427
0,leg_L_ankle_irm_bind,9,n/a,n/a,n/a,-0.4606652077128894,-0.8177172070215611,-0.34514654241886533,-0.289040976924748,0.5058776364456808,-0.8127380454996054,0.8391918017123544,-0.27463864674329563,-0.4693940068362436
1,leg_L_femur_irm_bind,9,n/a,n/a,n/a,0.15580558648540196,0.9740215697734839,0.16433685172820453,0.982279999975258,-0.17032184170974826,0.07820787610724621,0.10416631350175973,0.14923957870684756,-0.9832990019718595
2,leg_L_knee_irm_bind,9,n/a,n/a,n/a,0.9652560564522505,0.26130584662852413,0.0,-0.26130584662852413,0.9652560564522505,0.0,0.0,0.0,1.0
3,leg_R_ankle_irm_bind,9,n/a,n/a,n/a,-0.012639133554649188,-0.7634680880218759,0.6457218680478534,0.15400657493742964,0.6365816850615091,0.7556756798523369,-0.9879889813044626,0.10899649910190268,0.10953326437434108
4,leg_R_femur_irm_bind,9,n/a,n/a,n/a,-0.23697176299069356,0.8399110611612588,-0.4882558682535736,0.9175654665616451,0.35864127766235676,0.17161016441406662,0.31924598371568175,-0.4073399603472272,-0.8556612405536006
5,leg_R_knee_irm_bind,9,n/a,n/a,n/a,0.9652559547696744,0.26130622224065836,0.0,-0.26130622224065836,0.9652559547696744,0.0,0.0,0.0,1.0
6,spine_C_spine_01_irm_bind,12,20.10696628579564,220.97691151906514,-10.334046058087775,0.01382960477520279,-0.9998707381447991,-0.008200550806933441,-0.7305199026125352,-0.0045034197594227,-0.6828765562658032,0.682751355852725,0.015434578460257871,-0.730487754770072
0,leg_L_ankle_irm_bind,9,n/a,n/a,n/a,-0.2030430974322468,-0.8976308483078511,-0.39119350806378,0.958744301585264,-0.10107590174836201,-0.26569348178594815,0.19895442885973558,-0.42900177418267527,0.8811212249090435
1,leg_L_femur_irm_bind,9,n/a,n/a,n/a,-0.09068980930763804,-0.09386819860648156,0.9914454698964126,0.8582334037171867,-0.512382507507662,0.02999317829395841,0.5051839103056992,0.8536116958491928,0.12702869548928086
2,leg_L_knee_irm_bind,9,n/a,n/a,n/a,0.9652560564522504,0.2613058466285243,0.0,-0.2613058466285243,0.9652560564522504,0.0,0.0,0.0,1.0
3,leg_R_ankle_irm_bind,9,n/a,n/a,n/a,-0.9375789447335399,-0.18748248139557072,-0.2929096132975181,0.27942209662986217,-0.9075406588382255,-0.3135175345502253,-0.20704833809358153,-0.37579285746969593,0.9032777612492441
4,leg_R_femur_irm_bind,9,n/a,n/a,n/a,-0.9569445096388928,0.09334518029963187,0.2748524745873827,-0.28594077904975385,-0.4660856624568268,-0.8372586375359772,0.049950739217738516,-0.8798015870450622,0.4727093092848832
5,leg_R_knee_irm_bind,9,n/a,n/a,n/a,0.9652559547696746,0.2613062222406576,0.0,-0.2613062222406576,0.9652559547696746,0.0,0.0,0.0,1.0
6,spine_C_spine_01_irm_bind,12,81.38787061715381,64.25792325564572,-6.701544833514994,-0.9990300594193027,0.017479454914057637,0.04041545536762003,-0.041734860097471564,-0.6685389377792819,-0.7425051448478953,0.01404072039851004,-0.743471692352074,0.6686199973391715
0,leg_L_ankle_irm_bind,9,n/a,n/a,n/a,0.9604596268451241,-0.21468030647943906,0.17728415386158794,0.11263086107127374,0.8819157781508054,0.45775413639092644,-0.25462049079928445,-0.4196867001211184,0.8712241269653739
1,leg_L_femur_irm_bind,9,n/a,n/a,n/a,-0.39773220774496865,-0.3731184487429593,0.8382074409893772,0.8812312044130405,0.09897879963066657,0.4622064058323015,-0.25542250349382845,0.9224889269965899,0.28943656347743146
2,leg_L_knee_irm_bind,9,n/a,n/a,n/a,0.9652560564522507,0.26130584662852363,0.0,-0.26130584662852363,0.9652560564522507,0.0,0.0,0.0,1.0
3,leg_R_ankle_irm_bind,9,n/a,n/a,n/a,-0.0048170456858662725,-0.8652799985270516,-0.5012657181773814,0.5288133890780078,0.4232421493649896,-0.7356782466083496,0.8487244521060366,-0.2686198189820131,0.4555328717528283
4,leg_R_femur_irm_bind,9,n/a,n/a,n/a,-0.29279342077130205,-0.6074428385338105,0.7384342967840986,-0.9555252647282808,0.21436140235701148,-0.20253557130905245,-0.03526302906711532,-0.7648937096705153,-0.6431905873747608
5,leg_R_knee_irm_bind,9,n/a,n/a,n/a,0.9652559547696744,0.26130622224065775,0.0,-0.26130622224065775,0.9652559547696744,0.0,0.0,0.0,1.0
6,spine_C_spine_01_irm_bind,12,114.72786765286043,70.21344555072903,103.64303024425641,0.17282890153007535,0.8949967317002383,0.41123110417598435,-0.9814848992604901,0.12149154308149046,0.14807834913755694,0.08256853710423478,-0.429209337276777,0.8994230269872439
0,leg_L_ankle_irm_bind,9,n/a,n/a,n/a,-0.27757124670540567,0.5410849170847754,-0.7938396031351477,-0.9339800973466301,0.04156014564407473,0.35489989018654644,0.22502306717931464,0.8399403947884666,0.4938266420919476
1,leg_L_femur_irm_bind,9,n/a,n/a,n/a,0.4519450480722554,-0.2910054969140391,-0.8432446111827692,-0.09761452846163017,0.9234828219465898,-0.3710133170154094,0.8866888278061139,0.24999055649239285,0.38895712399754734
2,leg_L_knee_irm_bind,9,n/a,n/a,n/a,0.9865265368056745,-0.1636013208326944,-0.0,0.1636013208326944,0.9865265368056745,0.0,0.0,-0.0,1.0
3,leg_R_ankle_irm_bind,9,n/a,n/a,n/a,-0.5967746436069792,-0.7961169713236819,-0.10028854729315569,-0.7604067440514937,0.6010089409657998,-0.24610939941451576,0.25620618327583256,-0.07061176141108252,-0.9640396105978505
4,leg_R_femur_irm_bind,9,n/a,n/a,n/a,-0.15984311116409677,-0.3287921036560158,0.9307770583694219,0.9436365227455941,0.22594518778136408,0.24186542758122365,-0.2898280399719571,0.9169757492387114,0.27414445563264234
5,leg_R_knee_irm_bind,9,n/a,n/a,n/a,0.9652559547696746,0.26130622224065764,0.0,-0.26130622224065764,0.9652559547696746,0.0,0.0,0.0,1.0
6,spine_C_spine_01_irm_bind,12,76.79954469586231,100.91325770335712,201.1930931318421,0.851982948443117,0.5218814460350742,-0.04200966372768278,-0.5197018093763017,0.8332277070427703,-0.1887898767075329,-0.06352231807145568,0.18267825404406313,0.981118530355146
0,leg_L_ankle_irm_bind,9,n/a,n/a,n/a,-0.22355558569635642,-0.24921443519221315,0.9422924521589804,-0.5337207813150894,0.8402396563595111,0.09560045749504148,-0.8155765002109668,-0.48154904752545896,-0.3208511915685425
1,leg_L_femur_irm_bind,9,n/a,n/a,n/a,-0.14923118721293768,0.9665607556084922,-0.20854342109152588,-0.6287136689587787,-0.25553393577728256,-0.73445321847655,-0.76318357898176,0.021510773666050143,0.6458235915394231
2,leg_L_knee_irm_bind,9,n/a,n/a,n/a,0.9652560564522507,0.2613058466285237,0.0,-0.2613058466285237,0.9652560564522507,0.0,0.0,0.0,1.0
3,leg_R_ankle_irm_bind,9,n/a,n/a,n/a,-0.37727523800269,-0.7963805678376591,0.47269587047125894,-0.4333314736983843,0.6028963683973858,0.669880439239444,-0.8184663882484118,0.047895303984956505,-0.5725546359639302
4,leg_R_femur_irm_bind,9,n/a,n/a,n/a,-0.003520949803303308,0.27537941538464594,0.9613291738498803,-0.9987768306975696,0.046444753586002856,-0.016962527112832797,-0.04931982739427153,-0.960213029721398,0.27487905009122304
5,leg_R_knee_irm_bind,9,n/a,n/a,n/a,0.9652559547696744,0.2613062222406583,0.0,-0.2613062222406583,0.9652559547696744,0.0,0.0,0.0,1.0
6,spine_C_spine_01_irm_bind,12,79.27478330975248,141.33051566148396,123.71923658536438,-0.7043720881360326,-0.708196667279689,0.04813981625252226,0.49465714531388727,-0.44108328820747106,0.7488389956819826,-0.5090916126246837,0.5512739911496154,0.6610012985139837
0,leg_L_ankle_irm_bind,9,n/a,n/a,n/a,-0.012259262616033162,-0.4011996061700187,0.9159086125204485,-0.8520922142209932,0.48351104336167006,0.20038944436090994,-0.5232480950219276,-0.7779819708427254,-0.34778654962432465
1,leg_L_femur_irm_bind,9,n/a,n/a,n/a,-0.24255776723322062,0.9405171007881126,-0.23789349020088338,0.5943395771498938,0.33787307661936694,0.7297960339225261,0.766763455433369,0.03562818015120234,-0.6409402750576633
2,leg_L_knee_irm_bind,9,n/a,n/a,n/a,0.9652560564522505,0.2613058466285239,0.0,-0.2613058466285239,0.9652560564522505,0.0,0.0,0.0,1.0
3,leg_R_ankle_irm_bind,9,n/a,n/a,n/a,-0.3164837323690952,-0.7226346667156154,0.614521916294723,-0.30993209841061237,0.6910402322195536,0.6529973137990231,-0.8965378639636596,0.016202960061574016,-0.44267067054947473
4,leg_R_femur_irm_bind,9,n/a,n/a,n/a,-0.47504851621133726,0.8256336517404014,-0.3043977338273355,0.8059870102434435,0.2694248354418181,-0.5270628021080461,-0.35314847665570215,-0.49572102150399044,-0.7934398668297418
5,leg_R_knee_irm_bind,9,n/a,n/a,n/a,0.9652559547696746,0.2613062222406576,0.0,-0.2613062222406576,0.9652559547696746,0.0,0.0,0.0,1.0
6,spine_C_spine_01_irm_bind,12,27.00618365414263,145.54145646084652,141.94457636453032,0.04788325698431117,-0.9925484911818354,-0.1120476967779177,-0.5182398058676301,0.07121000876262829,-0.8522655913893904,0.8538938442891221,0.09887682895748723,-0.5109683702348475
0,leg_L_ankle_irm_bind,9,n/a,n/a,n/a,-0.12705606163839178,-0.8246727354518675,0.5511548209017818,-0.021002382597056776,0.5577702870175991,0.8297295986317179,-0.9916731604345194,0.09384661060815816,-0.0881881882746931
1,leg_L_femur_irm_bind,9,n/a,n/a,n/a,0.3112647171457775,0.7968485382852738,0.5178288162054926,-0.5375614726671153,-0.3017072979585558,0.7874010220100747,0.7836720863754952,-0.5234549774251556,0.334444236973383
2,leg_L_knee_irm_bind,9,n/a,n/a,n/a,0.9652560564522504,0.26130584662852446,0.0,-0.26130584662852446,0.9652560564522504,0.0,0.0,0.0,1.0
3,leg_R_ankle_irm_bind,9,n/a,n/a,n/a,0.42352827364999557,-0.9058819472064118,-0.0013035123989924083,0.9013216285615185,0.4215395260383321,-0.09961801982869647,0.09079164777812283,0.04101616404416888,0.9950248996788145
4,leg_R_femur_irm_bind,9,n/a,n/a,n/a,-0.6684772594083808,0.3335423603507889,-0.6647463031153205,0.7249372770934616,0.4918845981093598,-0.4821985964549374,0.16614481013314478,-0.8042381711871294,-0.5706109585973647
5,leg_R_knee_irm_bind,9,n/a,n/a,n/a,0.9652559547696746,0.26130622224065764,0.0,-0.26130622224065764,0.9652559547696746,0.0,0.0,0.0,1.0
6,spine_C_spine_01_irm_bind,12,-14.214510727077016,151.09076384900362,133.01781016214227,0.004799266518683343,-0.9993416433021844,0.03596174360305888,-0.4858672387454841,-0.03376231210634283,-0.8733802909357826,0.8740194467829197,-0.013281048276525265,-0.48570939912869193
0,leg_L_ankle_irm_bind,9,n/a,n/a,n/a,-0.21626635752572976,-0.8974473924382363,0.3844698172917652,-0.4382792470053011,0.4411206542107724,0.7831499665282036,-0.872433472676868,0.0008638486385513233,-0.48873212450023185
1,leg_L_femur_irm_bind,9,n/a,n/a,n/a,0.27934921031982995,-0.9584604799809647,-0.0575979774674948,-0.8432117240539629,-0.21618091715520513,-0.4921989429853312,0.4593016515446361,0.1860626759255949,-0.8685750822558611
2,leg_L_knee_irm_bind,9,n/a,n/a,n/a,0.9652560564522505,0.2613058466285242,0.0,-0.2613058466285242,0.9652560564522505,0.0,0.0,0.0,1.0
3,leg_R_ankle_irm_bind,9,n/a,n/a,n/a,0.1732388941156637,-0.7666380914439282,-0.6182671933014017,0.4199723754699384,0.6253268613443547,-0.6577153794182978,0.8908487466499119,-0.1457132568726311,0.43029775430956135
4,leg_R_femur_irm_bind,9,n/a,n/a,n/a,0.31347451701747875,-0.8658432258251139,0.38993491184224516,-0.396253572114792,0.25390087600717937,0.8823363597568981,-0.8629697756972291,-0.43110306593151004,-0.2635020166479305
5,leg_R_knee_irm_bind,9,n/a,n/a,n/a,0.9652559547696747,0.2613062222406572,0.0,-0.2613062222406572,0.9652559547696747,0.0,0.0,0.0,1.0
6,spine_C_spine_01_irm_bind,12,210.75826001302156,-42.83349683984174,141.66008279342648,0.9907198461884679,-0.10586560416060234,0.08524470789444548,-0.01417768733815852,0.5432572806535164,0.8394465558918496,-0.13517832500086727,-0.8328649355523723,0.5367148400941628
0,leg_L_ankle_irm_bind,9,n/a,n/a,n/a,0.6902296849104315,0.7192603360962425,0.07904145106946575,-0.036879660885258625,0.14406194427721486,-0.9888812096627466,-0.7226498963408454,0.6796401438480433,0.12596190768949267
1,leg_L_femur_irm_bind,9,n/a,n/a,n/a,0.8881254290039414,0.05285026875122529,0.45655237536287996,0.45937384094495365,-0.13331522734141707,-0.8781814871735717,0.014453256105292349,0.9896635283023361,-0.14267867442657753
2,leg_L_knee_irm_bind,9,n/a,n/a,n/a,0.9652560564522505,0.26130584662852413,0.0,-0.26130584662852413,0.9652560564522505,0.0,0.0,0.0,1.0
3,leg_R_ankle_irm_bind,9,n/a,n/a,n/a,-0.5824331955610887,-0.7544277515497432,-0.30267200134815553,0.05047442999071975,0.33806261326486187,-0.9397691213429202,0.81130999292848,-0.5626299291755921,-0.15881957741493236
4,leg_R_femur_irm_bind,9,n/a,n/a,n/a,-0.2920700319373158,-0.24193168666726017,0.9252913894717008,0.8023529892244956,0.4645516663018443,0.37472847505720264,-0.5205043488066666,0.8518572699240847,0.058432991972287365
5,leg_R_knee_irm_bind,9,n/a,n/a,n/a,0.9652559547696745,0.2613062222406579,0.0,-0.2613062222406579,0.9652559547696745,0.0,0.0,0.0,1.0
6,spine_C_spine_01_irm_bind,12,53.198869636343744,81.11128358997291,67.37359156609295,0.46174672771064984,0.8365167073441888,0.29500806392799456,-0.48908756648848617,0.5175676659683928,-0.7020805249046584,-0.7399887240727911,0.1798986088830788,0.6481150968516745
0,leg_L_ankle_irm_bind,9,n/a,n/a,n/a,-0.09053641132943335,-0.89169814918417,-0.4434834483553061,-0.05295334084219051,0.44899265014401957,-0.8919649902380143,0.9944843397043708,-0.05727137904901437,-0.08786857927943115
1,leg_L_femur_irm_bind,9,n/a,n/a,n/a,-0.17845250865230117,-0.4159687615207969,-0.8916976458388538,0.9795188591663925,-0.16099745263023907,-0.12092404551594556,-0.09326042404508421,-0.895013860052138,0.43617964604220444
2,leg_L_knee_irm_bind,9,n/a,n/a,n/a,0.9652560564522508,0.2613058466285232,0.0,-0.2613058466285232,0.9652560564522508,0.0,0.0,0.0,1.0
3,leg_R_ankle_irm_bind,9,n/a,n/a,n/a,0.16471047229763436,-0.9310326614311267,0.3256511072666008,0.6889052976909262,0.3448741653161209,0.6375510182808001,-0.7058894751509377,0.11933144366000911,0.6981977194356566
4,leg_R_femur_irm_bind,9,n/a,n/a,n/a,0.490846531768953,-0.19802127661458013,0.848444020698079,-0.6294389081191678,-0.7539179849727458,0.18818696256750786,0.6023921838770321,-0.6264145958888304,-0.4947003242987549
5,leg_R_knee_irm_bind,9,n/a,n/a,n/a,0.9652559547696745,0.26130622224065797,0.0,-0.26130622224065797,0.9652559547696745,0.0,0.0,0.0,1.0
6,spine_C_spine_01_irm_bind,12,101.66004931480234,172.4447519488793,207.48854458761812,-0.02866264987418776,0.9589146079168979,-0.2822432058097614,-0.9403339166403558,0.06990507981118275,0.3329946021070013,0.3390436221461741,0.27494736685441057,0.899696264159093
0,leg_L_ankle_irm_bind,9,n/a,n/a,n/a,-0.36352821095762966,-0.6656903792034493,0.6516928408950898,-0.9308699381486025,0.2869402749183205,-0.2261557801185177,-0.03644719590259042,-0.6888552806401111,-0.723982046907982
1,leg_L_femur_irm_bind,9,n/a,n/a,n/a,-0.02566523645850194,0.826926916985344,-0.5617233924296223,0.6150735282948391,0.456021463563665,0.6432176766540164,0.788051933839685,-0.32899285514182086,-0.5203247551646626
2,leg_L_knee_irm_bind,9,n/a,n/a,n/a,0.9652560564522504,0.26130584662852446,0.0,-0.26130584662852446,0.9652560564522504,0.0,0.0,0.0,1.0
3,leg_R_ankle_irm_bind,9,n/a,n/a,n/a,-0.5616557948206223,-0.8270812334452374,-0.021895237544265728,-0.7699866638822478,0.5322015478247007,-0.3519688195515036,0.30275948471996966,-0.18082628618565744,-0.9357556030483609
4,leg_R_femur_irm_bind,9,n/a,n/a,n/a,-0.9210706523385825,0.01302784330319387,0.3891775028177327,0.13232688050366515,0.9504337087959911,0.28136339826008977,-0.3662218591192333,0.31065421368969814,-0.8771405300293043
5,leg_R_knee_irm_bind,9,n/a,n/a,n/a,0.9652559547696746,0.2613062222406576,0.0,-0.2613062222406576,0.9652559547696746,0.0,0.0,0.0,1.0
6,spine_C_spine_01_irm_bind,12,-1.4574947668964278,139.4012113201747,47.79347696521268,0.9971300702004714,-0.03747251945191173,0.06578323029411696,0.05032503895046426,-0.3210772841478913,-0.9457149507430073,0.05655982281299145,0.946311358850849,-0.31827000888117407
0,leg_L_ankle_irm_bind,9,n/a,n/a,n/a,-0.16686913872568465,-0.9780627824730175,0.12469115478688755,0.11179548152711363,0.10688015901839298,0.9879668020324995,-0.9796205698386845,0.17880107703630405,0.09150799964805599
1,leg_L_femur_irm_bind,9,n/a,n/a,n/a,-0.945175072873309,-0.32307920529891826,0.047580549832402494,-0.2511527378129881,0.8122803314525917,0.5264247006213788,-0.20872561871503648,0.4856135194150664,-0.8488893484155267
2,leg_L_knee_irm_bind,9,n/a,n/a,n/a,0.9652560564522505,0.2613058466285239,0.0,-0.2613058466285239,0.9652560564522505,0.0,0.0,0.0,1.0
3,leg_R_ankle_irm_bind,9,n/a,n/a,n/a,-0.41705108706387783,-0.7210488284725153,0.5533145377967685,-0.3426268363355062,0.68859759553541,0.6390932658427674,-0.841828510922243,0.07695413167118023,-0.5342310547105765
4,leg_R_femur_irm_bind,9,n/a,n/a,n/a,-0.9512040888965767,-0.01887450142790542,0.30798463348401245,0.028556825367264185,-0.9992285211877179,0.026960529852918157,0.307238163305565,0.03444002962911778,0.9510092509370077
5,leg_R_knee_irm_bind,9,n/a,n/a,n/a,0.9652559547696744,0.26130622224065825,0.0,-0.26130622224065825,0.9652559547696744,0.0,0.0,0.0,1.0
6,spine_C_spine_01_irm_bind,12,138.70244718572357,178.04454103361815,92.04033254573544,-0.7843217048761184,0.019998394646360284,-0.6200318761739494,-0.060386549755654,-0.9971949245294754,0.0442238295634989,-0.6174082343707663,0.07212729514006404,0.7833292573541161
0,leg_L_ankle_irm_bind,9,n/a,n/a,n/a,-0.41235228795225687,-0.8639309405380156,-0.2891174858109414,-0.278324688976561,0.4216460075439491,-0.86298899867168,0.8674681308997121,-0.2753869537638786,-0.41432000623915277
1,leg_L_femur_irm_bind,9,n/a,n/a,n/a,-0.702572262278958,-0.4817866637587253,-0.5237115875178482,0.2547239611619538,-0.8574524130443049,0.44709178361323365,-0.6644606232774,0.18071239578052228,0.725144889056713
2,leg_L_knee_irm_bind,9,n/a,n/a,n/a,0.9652560564522505,0.2613058466285239,0.0,-0.2613058466285239,0.9652560564522505,0.0,0.0,0.0,1.0
3,leg_R_ankle_irm_bind,9,n/a,n/a,n/a,0.29999945589984617,-0.8625682987685689,-0.4074018365438387,0.5335059231112096,0.5057476691249767,-0.6779312097697738,0.7908044995225129,-0.013972298814066196,0.6119093220410995
4,leg_R_femur_irm_bind,9,n/a,n/a,n/a,0.4281372750296834,-0.8379532276147752,0.3384270409706317,0.420991786117894,-0.14643558824301972,-0.8951662049682094,0.7996651735266597,0.5257290241425722,0.2900768922590632
5,leg_R_knee_irm_bind,9,n/a,n/a,n/a,0.9652559547696744,0.26130622224065775,0.0,-0.26130622224065775,0.9652559547696744,0.0,0.0,0.0,1.0
6,spine_C_spine_01_irm_bind,12,201.67034804747206,145.51532065064657,149.6642389485078,0.04059698173492432,0.7531193161343386,0.6566301704455565,-0.5246264853187189,-0.5432298399496569,0.6554909548501783,0.8503640020462664,-0.37109653279654453,0.37305284795889293
0,leg_L_ankle_irm_bind,9,n/a,n/a,n/a,0.3717313276379185,-0.857325571113395,0.3561020712768203,0.7478483371114459,0.5038246083852445,0.4323003917013034,-0.5500351668140827,0.10561074330079384,0.8284368932919743
1,leg_L_femur_irm_bind,9,n/a,n/a,n/a,-0.8377435869262301,-0.46304887487400187,-0.2894329318545039,0.18863164665357182,0.25201171615271883,-0.949161839099383,0.5124488115360744,-0.849750454192101,-0.12377552728864691
2,leg_L_knee_irm_bind,9,n/a,n/a,n/a,0.9652560564522505,0.26130584662852413,0.0,-0.26130584662852413,0.9652560564522505,0.0,0.0,0.0,1.0
3,leg_R_ankle_irm_bind,9,n/a,n/a,n/a,0.057094278760920436,-0.9891304641881314,-0.1355033879566937,0.9347549771694145,0.1006348401089836,-0.34074295533913396,0.35067559936468073,-0.10720799303788506,0.9303402980839918
4,leg_R_femur_irm_bind,9,n/a,n/a,n/a,-0.8680400735542564,-0.1659442574458854,0.46794116523838325,0.47454389329593516,-0.00015914722998244815,0.8802318262865164,-0.145994945253109,0.9861351216202033,0.07888598017169324
5,leg_R_knee_irm_bind,9,n/a,n/a,n/a,0.9652559547696746,0.26130622224065764,0.0,-0.26130622224065764,0.9652559547696746,0.0,0.0,0.0,1.0
6,spine_C_spine_01_irm_bind,12,-5.290542532261867,143.55089348830307,129.57520470126994,0.05609095398472729,0.9643359720369254,-0.25866955351699494,0.33056615582522025,-0.2624024154796549,-0.9065710060295218,-0.9421145479738755,-0.034656967352049095,-0.33349523701237427
0,leg_L_ankle_irm_bind,9,n/a,n/a,n/a,0.01590327267040936,-0.6953301825732592,-0.7185144557495057,0.09922108259765049,0.7161558814184478,-0.6908515978688303,0.9949383210463453,-0.06030498082583168,0.08038063573445563
1,leg_L_femur_irm_bind,9,n/a,n/a,n/a,0.21974741836474992,-0.907668935950498,0.35755863132152027,-0.9662557321029642,-0.15201535218173556,0.2079451679631616,-0.13439096807521017,-0.3911884908986386,-0.9104452934077116
2,leg_L_knee_irm_bind,9,n/a,n/a,n/a,0.9652560564522505,0.2613058466285234,0.0,-0.2613058466285234,0.9652560564522505,0.0,0.0,0.0,1.0
3,leg_R_ankle_irm_bind,9,n/a,n/a,n/a,0.3864589396500422,-0.9168350970145126,0.10031397134474446,0.7060886268421719,0.36407949262005723,0.6073590158198507,-0.5933703219817295,-0.16388876696073712,0.7880686093579594
4,leg_R_femur_irm_bind,9,n/a,n/a,n/a,-0.44994884458455914,-0.030301444877502245,0.8925401165747991,0.8781171236654096,0.1670160232313602,0.4483480401535946,-0.16265409426942792,0.9854884425615134,-0.04854044906132014
5,leg_R_knee_irm_bind,9,n/a,n/a,n/a,0.9652559547696745,0.26130622224065786,0.0,-0.26130622224065786,0.9652559547696745,0.0,0.0,0.0,1.0
6,spine_C_spine_01_irm_bind,12,208.68503558322664,-7.808265694596457,-36.48736780537226,0.2916182045613297,-0.6872541226545875,-0.6653124030579167,0.26800618238325696,0.7263901914561509,-0.6328743761289826,0.9182219279524854,0.006249852043822559,0.39601695718321384
0,leg_L_ankle_irm_bind,9,n/a,n/a,n/a,0.24995368948915397,-0.8640733392786074,-0.4369215232266274,0.3874164940434452,0.5027994397209549,-0.7727232257149899,0.8873734350620628,0.023874416520840335,0.46043283873106255
1,leg_L_femur_irm_bind,9,n/a,n/a,n/a,-0.7321425237389134,0.5153278332936282,0.44542625558683524,-0.6787433882979892,-0.497008604071297,-0.540638382212053,-0.057225324594791904,-0.6981544755367505,0.7136564933586925
2,leg_L_knee_irm_bind,9,n/a,n/a,n/a,0.9652560564522504,0.2613058466285243,0.0,-0.2613058466285243,0.9652560564522504,0.0,0.0,0.0,1.0
3,leg_R_ankle_irm_bind,9,n/a,n/a,n/a,0.07920660729052208,-0.9041282838859013,-0.41985516507369525,0.451626353935792,0.4080208153663042,-0.7934435396790871,0.8886843926795316,-0.12677168652877985,0.4406461048306918
4,leg_R_femur_irm_bind,9,n/a,n/a,n/a,-0.8077006700703033,0.5886632087866105,-0.033094624775552466,-0.0049778631982503865,0.04932075576358408,0.9987705862353419,0.5895717500406228,0.8068724122635255,-0.036906122555437904
5,leg_R_knee_irm_bind,9,n/a,n/a,n/a,0.9652559547696744,0.26130622224065775,0.0,-0.26130622224065775,0.9652559547696744,0.0,0.0,0.0,1.0
6,spine_C_spine_01_irm_bind,12,205.4145265163293,221.83739150291342,194.05569842920607,0.743144433508704,-0.4609887785811474,-0.48500071852244653,-0.6079783031325039,-0.7679094958190884,-0.20168636332433493,-0.27946150694710864,0.4447520120844157,-0.8509388426213225
0,leg_L_ankle_irm_bind,9,n/a,n/a,n/a,-0.09196448935459878,-0.9424210822855237,0.32153543562340114,0.07846437553058207,0.31504130996278246,0.9458289035494369,-0.9926660437782406,0.11221174929888791,0.04497386851205776
1,leg_L_femur_irm_bind,9,n/a,n/a,n/a,-0.9936281051752391,0.06774871582356551,-0.09007385919411744,-0.10113016585136408,-0.8887292311408562,0.4471387293342613,-0.04975819692010069,0.45339879269803973,0.8899177808197903
2,leg_L_knee_irm_bind,9,n/a,n/a,n/a,0.9652560564522505,0.2613058466285242,0.0,-0.2613058466285242,0.9652560564522505,0.0,0.0,0.0,1.0
3,leg_R_ankle_irm_bind,9,n/a,n/a,n/a,-0.5694210219305758,-0.8139151210135475,0.11533375728311862,-0.8200810704912044,0.5721361413768038,-0.01128155806892446,-0.05680438016156231,-0.10100698746108873,-0.993262730035964
4,leg_R_femur_irm_bind,9,n/a,n/a,n/a,0.13450960615884763,-0.9107012294075246,0.3905514519325388,-0.9862987882702261,-0.16103422540628862,-0.03581450131552706,0.09550846092192573,-0.3803830293315135,-0.919884169278342
5,leg_R_knee_irm_bind,9,n/a,n/a,n/a,0.9652559547696745,0.26130622224065786,0.0,-0.26130622224065786,0.9652559547696745,0.0,0.0,0.0,1.0
6,spine_C_spine_01_irm_bind,12,148.38047211953906,186.05465274005525,-8.707729322258574,-0.16407921935394687,0.8789771272082147,0.4477468253611562,-0.3125520555466571,-0.4768361706914457,0.8215463948517322,0.9356223716595062,-0.005145499500798013,0.3529650145342006
0,leg_L_ankle_irm_bind,9,n/a,n/a,n/a,-0.5732251303465987,-0.7943099116206905,0.20120813661543593,-0.7604851130803715,0.6071493733967586,0.23028684540602473,-0.30508251789025836,-0.02100958555170507,-0.9520941416649331
1,leg_L_femur_irm_bind,9,n/a,n/a,n/a,0.2512577333020681,-0.5690929929159226,-0.7829449002770911,0.2602580297328478,-0.7393829191176773,0.6209498022196306,-0.9322742672708942,-0.35978613693556866,-0.03766465522870654
2,leg_L_knee_irm_bind,9,n/a,n/a,n/a,0.9652560564522507,0.26130584662852363,0.0,-0.26130584662852363,0.9652560564522507,0.0,0.0,0.0,1.0
3,leg_R_ankle_irm_bind,9,n/a,n/a,n/a,0.1311707380279632,-0.9169646692632553,0.37678910919522157,0.6856430757943293,0.3584247604360572,0.633581300009436,-0.7160222134127483,0.17523551703146295,0.6757253165822815
4,leg_R_femur_irm_bind,9,n/a,n/a,n/a,0.030390443692831726,-0.21102479587642356,0.9770081660137067,0.15235970706191182,-0.9650592966195171,-0.2131831927527388,0.9878577532196431,0.15533540978655425,0.0028230958683723717
5,leg_R_knee_irm_bind,9,n/a,n/a,n/a,0.9652559547696746,0.26130622224065764,0.0,-0.26130622224065764,0.9652559547696746,0.0,0.0,0.0,1.0
6,spine_C_spine_01_irm_bind,12,62.81533831073749,207.2372421885529,174.6809347999376,-0.4530578125778746,0.7561531302056879,-0.47219811747008433,-0.8205064519716143,-0.1465781656632692,0.5525251158307143,0.34857966196424106,0.6377674223656546,0.686836905119377
0,leg_L_ankle_irm_bind,9,n/a,n/a,n/a,-0.3346759841815687,-0.9217327440536202,0.19596105263924668,-0.8813800904399599,0.2326087198770703,-0.41117188572809593,0.3334083409096812,-0.31032552582173106,-0.8902454415695258
1,leg_L_femur_irm_bind,9,n/a,n/a,n/a,0.9090283952975973,-0.17147487944445344,-0.3798206711886353,0.008832034146592253,-0.9032900092035401,0.42893956969006947,-0.4166405785752374,-0.39327283785252537,-0.8196017955641097
2,leg_L_knee_irm_bind,9,n/a,n/a,n/a,0.9652560564522504,0.2613058466285244,0.0,-0.2613058466285244,0.9652560564522504,0.0,0.0,0.0,1.0
3,leg_R_ankle_irm_bind,9,n/a,n/a,n/a,0.42937890749477603,-0.8108526410962517,-0.3976829745234589,0.650069804161271,0.5831664225649338,-0.48716134217581764,0.6269314185110837,-0.04934488848959531,0.7775101790096577
4,leg_R_femur_irm_bind,9,n/a,n/a,n/a,-0.6996465468217719,-0.3836152676810354,-0.6027719601328335,-0.5781284823213533,-0.19177171702421747,0.7930895702746268,-0.4198358815646649,0.9033620176604678,-0.08760649290566103
5,leg_R_knee_irm_bind,9,n/a,n/a,n/a,0.9652559547696746,0.26130622224065764,0.0,-0.26130622224065764,0.9652559547696746,0.0,0.0,0.0,1.0
6,spine_C_spine_01_irm_bind,12,149.9595609991378,10.94035927474556,12.306459886055858,0.15431331803338866,0.9863480403426359,-0.057488635309666886,0.5386332211713971,-0.1327621327843267,-0.8320147048875287,-0.8282883875366422,0.0974256609461715,-0.5517667873849877
0,leg_L_ankle_irm_bind,9,n/a,n/a,n/a,-0.05812055078343681,-0.8416063145814843,0.5369551311173043,0.47527479310237986,0.44967241368834393,0.7562463827412258,-0.8779156409462813,0.29915469513993986,0.3738590586806876
1,leg_L_femur_irm_bind,9,n/a,n/a,n/a,0.3636172268633779,-0.9315468654242536,-0.0017175116983267897,-0.07946592428699555,-0.03285538298225465,0.9962959854813742,-0.9281528318145669,-0.36213389972127225,-0.0859730159251335
2,leg_L_knee_irm_bind,9,n/a,n/a,n/a,0.9652560564522505,0.2613058466285239,0.0,-0.2613058466285239,0.9652560564522505,0.0,0.0,0.0,1.0
3,leg_R_ankle_irm_bind,9,n/a,n/a,n/a,-0.32610600396796835,-0.7387358378287067,-0.589851028721288,-0.22900107864662128,0.6671093119689602,-0.7088890405860317,0.9171768532593523,-0.09609645046420362,-0.3867196556337078
4,leg_R_femur_irm_bind,9,n/a,n/a,n/a,0.5681179744048447,-0.7886889635133337,-0.23497167061243604,-0.11071457330827529,-0.35617850100810744,0.9278357390598745,-0.8154656647678689,-0.5011053724037295,-0.2896707705876046
5,leg_R_knee_irm_bind,9,n/a,n/a,n/a,0.9652559547696745,0.26130622224065797,0.0,-0.26130622224065797,0.9652559547696745,0.0,0.0,0.0,1.0
6,spine_C_spine_01_irm_bind,12,126.00800452886301,143.56897070581493,200.9807506261469,0.4124164707043483,0.8931150418385225,-0.17960561442656447,0.10628095413749278,0.14863679708526645,0.9831640053113506,0.9047745650046721,-0.42456168526376414,-0.03362085553044092
0,leg_L_ankle_irm_bind,9,n/a,n/a,n/a,0.23981247461301233,-0.8997967711819421,-0.36449382380300344,0.9181617558847758,0.3321837427179391,-0.2159466394841262,0.31538701154386245,-0.2828775912730695,0.9058207887352652
